0.782853466302075,-0.5607206047933087,0.5483352099083159,-0.22197201222454555,0.19221489464371877,0.09506192697442509,-0.21167765803442185,0.2948367379765161,-0.602541418690687,0.1428341643879686,-0.5287115972333924,-0.261058388290172,-0.08138973781566682,-0.15248512144120951,0.2443300627312208,0.025575036191089057,0.7220524368666559,0.4164387968473542,1.0,0.6379282612192377 1,0,0,0,0
0.4612495304870415,-0.5291098034305747,0.24702641792913488,-0.163453111305872,-0.05584074120445718,0.06554400901464884,-0.3993364216852384,0.05077000125203458,-0.5138349818454988,-0.3296606986352823,-0.16295229748341047,-0.26317766370351814,0.2248654062852135,0.0692375109553024,0.48341054213096285,0.3573306623262802,0.7124076624514837,0.6749718292224866,0.9044697633654689,1.0 1,0,0,0,0
1.0,-0.6848445028471308,0.7437582128777924,-0.26598773543583,0.35939553219448095,0.1134472185720544,-0.16294349540078842,0.3401226456416996,-0.700065703022339,0.13808585194918976,-0.6704993429697765,-0.32019272886552774,-0.1530880420499343,-0.2758431887866841,0.16228646517739817,-0.05409548839246596,0.6353482260183969,0.5815812527376261,0.9014454664914586,0.9511607533946562 1,0,0,0,0
0.20393050412987748,-0.2933637140415837,0.07839646824266584,-0.06372828254058677,-0.2828966106522359,0.1414127029336371,-0.4666049558530334,-0.09740814582739965,-0.2859584164055825,-0.2872401025348904,-0.02264312161777279,-0.22294218171461128,0.15800341782967808,-0.13108800911421253,0.583594417544859,0.19652520649387636,0.779549985759043,0.40472799772144685,1.0,0.6619196810025634 1,0,0,0,0
0.8270414102777316,-0.7354066189921836,0.44220854814568433,-0.177615167137868,0.14817894561782805,0.11641443538998827,-0.3317811408614668,0.2893730251122567,-0.6431066023615499,-0.047896224846166714,-0.4355562946948279,-0.3894894395476468,0.0400798270414103,-0.19923499085315158,0.37734907699983367,0.18559787127889565,0.6454348910693497,0.6093464160984532,1.0,0.9855313487443871 1,0,0,0,0
0.7692953020134228,-0.7114093959731546,0.5260067114093959,-0.2458053691275169,0.21979865771812074,0.07298657718120796,-0.20385906040268467,0.26593959731543615,-0.6862416107382552,0.03942953020134219,-0.5813758389261746,-0.3716442953020136,-0.2248322147651008,-0.25838926174496657,0.12332214765100663,0.11493288590604019,0.4085570469798657,0.5385906040268456,0.660234899328859,1.0 1,0,0,0,0
0.7774572429425098,-0.840717082217185,0.5159695033999588,-0.3399958788378321,0.16546466103441182,0.02719967030702672,-0.3352565423449411,0.3220688234082012,-0.8081599010921078,0.14403461776220905,-0.6746342468576136,-0.3900679991757674,-0.22398516381619601,-0.3900679991757674,0.19884607459303533,-0.07294457036884386,0.6661858644137647,0.3721409437461365,1.0,0.8172264578611169 1,0,0,0,0
0.8426988523941432,-0.5346260387811633,0.6119905025722201,-0.08893945389790257,0.2869014641867828,0.08933518005540173,-0.1325682627621685,0.1574990106846063,-0.6044717055797386,0.0998219232291255,-0.6254451919271863,-0.22002374356944984,-0.21121883656509685,-0.08893945389790257,0.19252077562326878,0.19944598337950145,0.5857736446379106,0.39345073209339143,1.0,0.5140482785912149 1,0,0,0,0
0.7562141491395794,-0.398470363288719,0.4295411089866158,-0.07179732313575536,0.005353728489483869,0.11347992351816431,-0.5797323135755257,0.1037284894837475,-0.8137667304015295,-0.2034416826003825,-0.3847036328871891,-0.3448374760994265,0.07848948374761006,-0.07179732313575535,0.39541108986615686,0.2646271510516251,0.6782026768642447,0.5864244741873803,1.0,0.9472275334608028 1,0,0,0,0
0.8811962310528468,-0.9873002867677176,0.620237607537894,-0.43527242933224053,0.354260548955346,-0.14922163047931145,-0.22285948381810738,0.20708725931995103,-0.6845555100368701,0.21712412945514153,-0.784924211388775,-0.2847193773043831,-0.27304383449405983,-0.13918476034412094,0.1635600163867266,0.30243752560426074,0.4847398607128224,0.6286358049979517,0.8711593609176563,1.0 1,0,0,0,0
0.7917109458023379,-0.7375132837407014,0.4879560750974141,-0.3122564647538081,0.09307474318101315,0.03489195890896205,-0.2323769040028338,0.19544810485299324,-0.7270634077222812,0.23450230251505486,-0.5187743535246191,-0.19943322706340777,-0.1152143110166489,-0.24716613531703863,0.2145766914629827,0.04791002479631593,0.6354941551540914,0.4775061990789939,1.0,0.7465462274176408 1,0,0,0,0
0.4822521419828642,-0.3528151774785802,0.23776009791921673,-0.04000917992656068,-0.11100061199510393,0.20807833537331688,-0.42380660954712346,0.028304773561811405,-0.5604345165238677,-0.3096695226438189,-0.18650550795593623,-0.2952876376988985,0.04360465116279079,-0.07236842105263167,0.3671970624235007,0.2799877600979191,0.6692166462668299,0.5748164014687881,0.99640452876377,0.736612607099143 1,0,0,0,0
1.0,-1.2141437091735305,0.7625674524282875,-0.7142857142857145,0.36268105651803473,-0.15194547003692166,0.0002840102243681711,0.1854586765123541,-0.6432831581936949,0.3854018744674805,-0.9744390798068728,0.010508378301618534,-0.47458108491905693,-0.19568304458960553,-0.005964214711729525,0.035501278046009326,0.4314115308151094,0.416642999147969,0.937517750639023,0.7602953706333424 1,0,0,0,0
1.0,-0.8289205702647656,0.750363689263893,-0.34885074192609833,0.3407041024148968,0.09921443118999125,-0.004946173988943717,0.31684608670352044,-0.5682281059063135,0.2720395693919115,-0.7986616235088738,-0.10561536223450682,-0.3633983124818153,-0.2016293279022403,0.0846668606342742,0.13121908641256907,0.3983124818155369,0.4256619144602851,0.8719813791096886,0.7713121908641256 1,0,0,0,0
0.9885291868468009,-0.42824369105276555,0.5411674738720367,-0.021029824114198098,0.10527657405047157,0.20838643894978354,-0.4567932704562835,0.2714759112923785,-0.6976803466734642,-0.026765230690797642,-0.5829722151414733,-0.5658934488911546,-0.1642875350497069,-0.11279632933979077,0.21998470558246241,0.3288299770583739,0.4264593423400459,0.5238338006627583,1.0,0.8679581952587307 1,0,0,0,0
1.0,-0.8396483148419509,0.7437722419928826,-0.6035168515804898,0.3820389365710698,-0.27695206196357547,0.1358593259367805,0.00942013816202638,-0.17563324262089164,0.3108645593468704,-0.4117647058823528,0.09482939083106551,-0.39166841113669654,-0.29202428302281763,-0.08017584257902438,-0.09106133556625495,0.19614821017374928,0.2355034540506594,0.47749633661293706,0.5469960226083316 1,0,0,0,0
1.0,-0.5019275250578257,0.6835967617579028,-0.2185813415574402,0.3483037779491134,-0.00607170393215108,-0.02476869699306091,0.1261565150346955,-0.4356206630686199,0.16865844255975332,-0.6150732459521974,-0.1099653045489591,-0.3317270624518119,-0.25636083269082494,0.041345412490362374,-0.043851195065535815,0.33885890516576717,0.3103315343099461,0.5466461063993832,0.5558982266769469 1,0,0,0,0
1.0,-0.5080517840227344,0.7208714872118724,-0.2494474265866751,0.2857593937480266,0.021471424060625178,-0.10419955794126923,0.1446163561730344,-0.5721502999684243,0.18976949794758444,-0.6296179349542153,-0.14682664982633406,-0.19861067256078294,-0.24944742658667507,0.11335648879065371,-0.06473002841806126,0.41300915693084944,0.24313230186296175,0.6634038522260814,0.6495105778339121 1,0,0,0,0
1.0,-0.48757278795625625,0.7230507030251385,-0.24385740661837807,0.45348672063627327,-0.03337594091748334,0.11006959238744501,0.12171566538843911,-0.3182786536003408,0.16233489561141878,-0.6063059224541968,0.07740377787246126,-0.4364436869762817,-0.1884675472234058,-0.14103110353642942,-0.08138048572645934,0.17653742366141179,0.2251100695923874,0.45348672063627327,0.42082090612128953 1,0,0,0,0
1.0,-0.536888888888889,0.7644444444444445,-0.3368888888888889,0.45333333333333337,-0.0924444444444445,0.18222222222222223,0.05866666666666662,-0.17777777777777776,0.1786666666666666,-0.4444444444444444,0.1386666666666666,-0.36444444444444446,-0.1635555555555556,-0.1111111111111111,0.027555555555555507,0.19555555555555554,0.2364444444444444,0.48444444444444446,0.3964444444444444 1,0,0,0,0
-0.7494915880939175,1.0,-0.6643094841930115,0.17059530412275842,-0.5029118136439268,-0.42119615455721937,-0.0007857274912183507,-0.9412553152153815,0.4520244037714919,-0.6812257348863004,-0.027685339249399164,-0.398779811425402,0.4654742096505823,-0.10736735071177658,0.3130430763542244,0.5427066001109263,-0.35944721760029574,0.6099556295063783,0.3264928822333148,0.7489369569236458 0,1,0,0,0
-0.3553385181165973,1.0,-0.4352806414662085,0.48652559233134385,-0.42298185325857596,-0.09459215047929097,-0.3461144269608729,-0.5496473141616929,0.044372098631458384,-0.629589437511304,0.19195755712304818,-0.14071260625791276,0.08126846325435583,-0.13456321215409656,0.5547718092482063,0.12986073431000184,0.416410441912341,0.4773015011756195,-0.07861578344486644,0.5572436245252306 0,1,0,0,0
-0.43095017840623756,1.0,-0.48922954935905905,0.5596669750231267,-0.5086560063433329,0.05134135060129502,-0.5086560063433329,-0.44403330249768747,-0.11365138099643182,-0.5249768732654951,0.05147350336989568,-0.19472710453284003,0.1518435311219771,-0.13320999074930628,0.5759878419452888,0.08048103607770575,0.5468481564688781,0.46901017576318216,0.08708867450773101,0.4366327474560592 0,1,0,0,0
-0.3212420994778787,1.0,-0.3847210772190164,0.47629843363561414,-0.46406979939543846,0.12716405605935688,-0.4905193734542458,-0.48646606210497406,-0.2366034624896951,-0.8356004396812313,0.19716955207474574,-0.7086424841989559,0.2870981038746908,-0.21139049189337744,-0.051456444078043534,-0.07914262159934059,0.37702665567463584,0.14303380049464132,0.02789227809837857,0.29115141522396254 0,1,0,0,0
-1.1209915063269196,0.8445137805512221,-0.9497313225862367,-0.11059109031027904,-0.7916449991332986,-0.6968278731149244,-0.05390882301958739,-1.078869821459525,0.499393309065696,-0.5848500606690934,0.17663373201594734,0.014560582423296971,0.7299358641012308,0.07384295371814877,0.7299358641012308,0.5415149939330907,-0.17906049575316338,0.4558849020627492,-0.8838620211475124,0.3570809499046629 0,1,0,0,0
-0.7644556692808719,1.0,-0.7119500199388541,0.2964242988169614,-0.7277017147414595,-0.4334042270370861,-0.050378838229429734,-0.816695467233816,0.5796889538747839,-0.5699189153263324,0.2646550578226771,-0.1341220257875846,-0.12913731224245645,-0.14987372059018994,0.5586866941379768,-0.04486242190615433,0.6006912136115911,0.4591918117772166,-0.15539013691346534,0.569453675395454 0,1,0,0,0
-0.3719875924600334,1.0,-0.4239441660701503,0.6283106657122406,-0.4759007396802672,0.060785015509424944,-0.46790742066332613,-0.27093772369362923,-0.16815795752803625,-0.5946671438797424,0.13958482462419475,-0.38284418993080416,0.007695060844667182,-0.06311142925316154,0.2714745884037223,-0.031138153185397293,0.3194345025053687,0.22464805535671678,-0.10820806490097826,0.3045812455261274 0,1,0,0,0
-0.6870594159113796,1.0,-0.6228600201409868,0.5548841893252769,-0.5715005035246726,0.1568479355488418,-0.49018126888217517,-0.24546827794561943,-0.20770392749244704,-0.609264853977845,0.19033232628398805,-0.724823766364552,0.3144511581067474,-0.34818731117824786,0.1988922457200404,-0.095669687814703,0.2630916414904332,0.17824773413897274,-0.15206445115810663,0.29808660624370587 0,1,0,0,0
-0.7686931079323799,1.0,-0.6204486345903772,0.28966189856957086,-0.5339726918075425,-0.5071521456436932,-0.29925227568270496,-1.0939531859557867,0.3307867360208061,-0.7542262678803642,0.4728543563068919,-0.13036410923276986,0.21960338101430416,-0.05006501950585177,0.7816970091027307,0.21553966189856955,0.21342652795838735,0.46261378413524057,-0.42278933680104047,0.3452535760728218 0,1,0,0,0
-0.8595608417200364,1.0,-0.6647605977432143,0.2708905154010369,-0.592406221408966,-0.4248246416590423,-0.41430314120158573,-1.2095913388228117,0.21462336078072586,-0.6975449832265934,0.671012503812138,-0.20219579139981697,0.49847514486123823,0.24862763037511437,-0.13045135712107342,0.05382738639829221,0.5708295211954865,0.27645623665751756,0.0198231168039037,0.5881366270204331 0,1,0,0,0
-0.5483314737803023,1.0,-0.4957906481387565,0.4107921695912365,-0.46576731920073033,-0.043310680596409294,-0.3306623389796126,-0.5124251952530682,0.08966426615275375,-0.7563647428745308,0.3110863170706967,-0.3735672989146971,0.10092301450451358,-0.024546100010142933,0.19099300131859206,0.005477228927883233,0.20225174967035187,0.3469925955979309,-0.2781215133380668,0.3169692666599047 0,1,0,0,0
-0.43063628020801464,1.0,-0.497629244417253,0.4556821657999388,-0.497629244417253,0.07326399510553686,-0.3524778219639033,-0.42918323646375045,0.013192107678189069,-0.6748241052309575,0.3509483022330988,-0.4431401040073417,0.06622820434383606,-0.20308198225757113,0.21696237381462224,-0.10817528296115023,0.3174518201284797,0.24353777913735086,-0.1459161823187519,0.23516365861119606 0,1,0,0,0
-0.6210516449526666,1.0,-0.7077514293748244,0.40350548317555535,-0.7250913862592558,-0.22073296466397974,-0.4823319898772144,-0.6334239385134501,0.05867466491704935,-0.7270597056893804,0.5441934576811323,-0.4634923610460212,0.12456650107788916,-0.22766894741775234,0.44015371637454304,-0.012653482050801378,0.2528821820226825,0.3272096728840566,-0.3089324210328991,0.22316993157746745 0,1,0,0,0
-0.6901948259342066,0.9468221015649951,-0.8645800063877358,0.08160332162248458,-0.7639731715106997,-0.9378792717981479,-0.032896838070904016,-1.3604279782816997,0.6780581283934844,-0.8171510699457046,0.38965186841264765,-0.1464388374321306,-0.5493452571063561,0.021239220696262922,0.29575215586074727,0.12184605557329903,1.0,0.7254870648355156,0.12807409773235376,0.7321941871606514 0,1,0,0,0
-0.3438300051203277,1.0,-0.4295954941116231,0.4768305171530977,-0.4810547875064004,-0.06778033794162842,-0.506784434203789,-0.603814644137225,-0.16801075268817203,-0.8396697388632874,0.27368151561699955,-0.6381208397337432,0.4795186891961087,-0.20929339477726594,0.05926779313876093,0.0008320532514079376,0.35087045570916553,0.13805683563748067,-0.12083973374295952,0.2881464413722477 0,1,0,0,0
-1.505088757396449,0.506508875739645,-1.4528994082840232,-0.3508875739644969,-1.0652071005917154,-1.1859171597633131,-0.25999999999999973,-1.3499408284023664,0.5526627218934912,-0.9995266272189345,0.8434319526627219,-0.19431952662721877,0.06059171597633156,0.08899408284023677,0.7166863905325445,0.20828402366863913,0.6197633136094676,0.8569230769230769,-0.17798816568047313,0.7749112426035503 0,1,0,0,0
-0.9727437916414294,1.0,-1.0502725620835858,0.25378558449424593,-1.0018170805572382,-0.49242883101150814,-0.47849788007268323,-1.1998788612961842,0.23864324651726226,-1.102967898243489,0.4906117504542701,-0.3276801938219261,-0.13930950938824954,0.030890369473046637,0.41308298001211385,0.2247122955784373,0.9654754694124773,0.6220472440944882,0.22895215021199272,0.728649303452453 0,1,0,0,0
-1.53978159126365,0.5213208528341132,-1.3424336973478934,-0.1307852314092564,-1.0678627145085802,-0.7571502860114404,-0.4929797191887673,-1.143265730629225,0.30499219968798763,-0.9030161206448257,0.8112324492979719,-0.4825793031721269,0.8627145085803432,0.040821632865314546,0.33931357254290184,0.11804472178887149,0.6138845553822153,0.5299011960478418,-0.08112324492979704,0.46983879355174196 0,1,0,0,0
-0.236098083880477,1.0,-0.30466970387243736,0.5945330296127562,-0.3553530751708428,0.14136406270936613,-0.34342757604180624,-0.3028607798472465,-0.042308723033632555,-0.6308120058957525,0.11868551520836129,-0.2700656572423959,-0.03932734825137341,-0.18062441377462155,0.34526999866005637,-0.0524252981374783,0.3631582473536112,0.29043280182232345,-0.05721559694492828,0.2725445531287685 0,1,0,0,0
-0.5205731628439226,1.0,-0.5480372157818798,0.5228120802029952,-0.5549032290163691,0.06622220010945813,-0.4862430966714763,-0.40409970645305743,-0.050251256281407114,-0.5723170306980447,0.2896163988258122,-0.3045425145529629,0.06303796208766599,-0.07796407781481672,0.49559679586049055,0.05935618687496885,0.42007065028110846,0.4232548883029006,-0.05368426289865175,0.4026568485994328 0,1,0,0,0
-0.8508363038113518,-0.6976510373823233,-0.5065807513024403,-0.2682570148980896,-0.21414861530024676,0.08710355543368989,-0.08088840142582943,0.5794260122475094,-0.5139840965176858,0.535005940956037,-0.44365231697285434,0.01677177588885851,-0.043871675349602395,-0.25715199707522157,0.18563202632300524,-0.3200804314048075,0.6113243761996161,-0.009139932364500412,1.0,-0.201626907960881 0,0,1,0,0
-0.5970695970695971,-0.28493941955480423,-0.37362637362637363,-0.02486615948154413,-0.2087912087912088,0.24253310791772328,-0.2857142857142857,0.40370526908988447,-0.43223443223443225,0.1399690053536207,-0.1758241758241758,-0.06149619611158076,0.10622710622710622,-0.22266835728374196,0.358974358974359,-0.12010425471963937,0.706959706959707,-0.07981121442659908,1.0,-0.16039729501267966 0,0,1,0,0
-0.7660065111231689,-0.7397585458491591,-0.3834780249593056,-0.3094139989148129,-0.06789202387411837,0.04442485078676068,0.11062126966901784,0.586340206185567,-0.24640531741725458,0.9210526315789473,-0.5173629951166577,0.5002712967986978,-0.27190721649484545,0.0029842647856754886,0.07555615843733036,-0.3891074335322844,0.4453336950623982,-0.36041779706999466,1.0,-0.3317281606077049 0,0,1,0,0
-1.1353226266273877,-0.8174474959612276,-0.7072127720231873,-0.3691437802907915,-0.39218853938990783,0.03473344103392578,-0.024660267984415157,0.531502423263328,-0.09331939560961709,0.9878836833602584,-0.4729639836548513,0.6405492730210016,-0.33564572840444745,0.09531502423263337,0.019766226361303738,-0.3651050080775443,0.3267129145680888,-0.44588045234248774,0.8355982134372326,-0.5347334410339255 0,0,1,0,0
-0.9100288537203811,-0.7552679898574801,-0.49011978665734013,-0.32792690390836754,-0.14081489901197858,0.17373437090146016,-0.03305062516394153,0.656815598496109,-0.41951560723966064,0.8983562122934335,-0.3897875316953746,0.3409547958380694,-0.15939494622715739,-0.134694412870508,0.1824779225321326,-0.6140596310221211,0.5243507912914226,-0.2201626300603305,1.0,-0.45055521552854766 0,0,1,0,0
-0.8025424373905762,-0.44979827966811303,-0.3579964984395219,-0.17880794701986763,-0.0900510009895714,0.22006546395676324,-0.16008221055035393,0.6828804140975868,-0.3701758392327015,0.4910557966050087,-0.2514272664992007,-0.014386846311943435,0.019563066149044718,-0.46197762046129254,0.23879120042627694,-0.40717058689198454,0.5676334018421253,-0.21230113420111144,1.0,-0.3767222349090356 0,0,1,0,0
-0.809470313992024,-0.7571195865865304,-0.22288378363197223,-0.5085659720271865,0.2841655900690894,-0.10590911644104928,0.3985002527663877,0.5502724259956188,-0.06878054260517898,0.8833342695051396,-0.6702802898387914,0.664607088692917,-0.6503960006740438,0.07304948604167837,-0.03398303656687082,-0.15561983935291807,0.5376902769196202,-0.42902881536819637,1.0,-0.6775824299275404 0,0,1,0,0
-0.011178263892603159,-0.36797347167994876,-0.47280312349574805,-0.3496550248703002,-0.3116007915708403,-0.11517890570679798,0.11338717441300737,0.04235973685618004,0.1536877573942343,0.47467508156388716,-0.22733593624645673,0.6871690645558111,-0.23466331497031617,0.27317216665775246,0.15002406803230459,0.06434187302775837,0.6006578595496603,-0.11884259506872771,1.0,-0.3240091993367921 0,0,1,0,0
-0.6243014241932575,-0.5070308274743105,-0.25653506399855763,-0.21205155940147835,-0.022850189291508827,0.23233279250045058,-0.17608617270596708,0.6690553452316566,-0.6472868217054262,0.6537317468902109,-0.6779340183883178,0.19402379664683603,-0.3139985577789795,-0.03199927888948989,0.13038579412294943,-0.2580223544258158,0.5517847485127096,-0.31931674779159913,1.0,-0.35379484405985223 0,0,1,0,0
-0.2933176002980995,-0.45224195752080487,-0.6480561420941497,-0.20096882374860264,-0.178766612843125,-0.056856291143957294,0.24248540553968456,0.2018072289156626,0.16858154266550746,0.6378400198733076,-0.2896224071543907,0.6747919513103962,-0.23049931685504899,0.1537697180474475,0.13162961122841887,-0.20096882374860267,0.5085393118867222,-0.22313998261085582,1.0,-0.31182461805986833 0,0,1,0,0
-0.6708120809215427,-0.40334689667029633,-0.5121496933921714,-0.06335606625021496,-0.07178061780044695,0.04673620264771615,0.13868989626912723,0.3899650409765602,-0.13977878388446324,0.7040518081265401,-0.2660610923262077,0.32844289071006927,0.028597627371196116,-0.06659407415897764,0.3135423233423119,-0.32239669895122935,0.5499169006819875,-0.3062066594074159,1.0,-0.3580147859476188 0,0,1,0,0
-0.7777983863488827,-0.5947324492256327,-0.42307335620884734,-0.2525271260317164,-0.12260038950199395,0.08550496151349367,0.0067699156079012585,0.5320411759250674,-0.3980339423166096,0.5529073541685989,-0.3604748214782529,0.2107020309746826,-0.039135676527868014,-0.1189835852731149,0.13614022071779647,-0.3944171380877305,0.5868496707780766,-0.19827506259853456,1.0,-0.2441806547343038 0,0,1,0,0
-0.930634380123597,-0.5134317063942488,-0.44797578509269775,-0.11495775003152968,0.0010089544709294424,0.28351620633118946,0.13009206709547227,0.8222978938075421,-0.30766805397906427,0.7661748013620888,-0.6949173918526927,0.2610669693530081,-0.3806280741581537,-0.2833270273678899,0.017845882204565462,-0.6874132929751544,0.4668306217681927,-0.37312397528061536,1.0,-0.5022070879051581 0,0,1,0,0
-0.7364341085271319,-0.5278274696879349,-0.37745974955277295,-0.22311667660504875,-0.08109719737626722,0.1066388391969787,-0.018485390578413904,0.5532697276883323,-0.44424567680381644,0.5407473663287616,-0.4275491949910556,0.11081295965016891,-0.10196779964221832,-0.3191214470284238,0.17352415026833626,-0.36921089246670646,0.5199761478831246,-0.11876366527529324,1.0,-0.20224607433909766 0,0,1,0,0
-1.0007355645457887,-0.6586980507539537,-0.4276081892852764,-0.38776510972171147,-0.00036778227289440725,0.03947529729067052,0.1350986882432267,0.5396591884271177,-0.22440848351109471,0.9043766090474438,-0.5526541620693881,0.565710432757141,-0.2869314699031506,0.1176290302807404,0.12988843937722205,-0.4190266029177394,0.40603162927546893,-0.20540639941154842,1.0,-0.2835601324016183 0,0,1,0,0
-1.0499239385977046,-0.9043009265661737,-0.579449592034297,-0.5458442815654821,-0.22099294703360547,-0.12017701562716097,-0.013760199142580684,0.49031945788964176,-0.1593832111741116,1.0,-0.3666159590651364,0.5687318489835431,-0.22099294703360545,-0.019361084220716487,0.04784953671691317,-0.5962522472687044,0.4399114921864195,-0.18178675148665482,0.9551929193749136,-0.377817729221408 0,0,1,0,0
-0.801228767618359,-0.6464281411878086,-0.42681604625948666,-0.2770750511986507,-0.06758221900975772,0.17829177207565353,-0.06252258764004323,0.6538971208288158,-0.40151788941091415,0.6437778580893867,-0.3155041561257678,0.1276954583785086,-0.0018070112034693393,-0.27201541982893623,0.16516082399710888,-0.44404288639922895,0.5243946512468378,-0.11516684736778698,1.0,-0.2821346825683652 0,0,1,0,0
-0.3926545237384295,-0.6183935503135264,-0.10361301881158566,-0.13227829202747082,0.0014929829799939151,0.3450781327759531,-0.07295710162237495,0.8005374738727979,-0.42331044092764025,0.5596695531004281,-0.5722106101323781,0.038518960883846,-0.23061610430974433,-0.2505225440429979,0.04966656713446789,-0.30307554493878763,0.5182641584552603,-0.08848412461431267,1.0,-0.14541654225141828 0,0,1,0,0
-0.5939751595416182,-0.2982227406848282,-0.38204213271117826,0.05400397996294513,-0.1581692170452207,0.42414053386399503,-0.43278666026212864,0.650998421738832,-0.6297948260481714,0.3166815343443354,-0.43278666026212864,-0.07434982501887057,-0.11936457832978802,-0.2743429630137927,0.2537569477801413,-0.4295615178755233,0.5910588073835175,-0.19374871337404798,1.0,-0.26240307417827496 0,0,1,0,0
-0.652258168703235,-0.5119233460731012,-0.31538999838509973,-0.2953652365828714,-0.018625181676266277,0.02947192765247338,0.005436830489314819,0.44253646982828215,-0.34346234591161107,0.4665984819938632,-0.2833073154976583,0.08160628734456575,0.017467836572105367,-0.19510685255961682,0.2139742692576843,-0.3394789255531034,0.5909457931851214,-0.1309414867847339,0.9959896646390698,-0.1590138343112452 0,0,1,0,0
0.8588235294117647,-0.7587330316742081,0.22968325791855201,-1.1019004524886877,-0.48524886877828055,-0.865972850678733,-0.2850678733031674,-0.251131221719457,0.2868778280542986,0.17782805429864257,0.6657918552036198,0.8784615384615384,-0.049140271493212685,1.0,-0.7712217194570136,0.6639819004524887,-0.342262443438914,0.1849773755656109,0.2868778280542986,-0.08669683257918549 0,0,0,1,0
0.7326887391346811,-1.1997265357945108,-0.04018947162808855,-1.188104307061236,-0.43534524855942947,-0.5953706416642248,0.174821759937494,-0.1188592635999608,0.8489110264674284,0.2646742845981054,0.7326887391346812,0.8109190350620178,-0.04018947162808855,0.8574079499951167,-0.8653677116905946,0.7237523195624573,-0.5515675358921768,0.15426311163199544,0.15157730247094453,0.0031741380994239044 0,0,0,1,0
1.0,-0.832941354980654,0.45102799484105915,-0.898490251119035,-0.08155678628328647,-0.9394583112055231,-0.4543661330703284,-0.5625521584098324,-0.20036416053410203,-0.14877475153630235,0.25438130642591616,0.20764737121614435,0.4387375768151127,0.6664896441848114,-0.052879144222744784,0.6664896441848114,-0.46255974508762604,0.27729307336317416,-0.12252484636977459,0.05196874288748947 0,0,0,1,0
0.6391680000000001,-1.0062080000000004,0.0034559999999999175,-1.1300480000000004,-0.4382400000000002,-0.7048640000000004,-0.14515200000000011,-0.17235200000000028,0.46579200000000004,0.18265599999999982,0.767136,0.7027839999999999,0.21811199999999997,1.0,-0.3804480000000001,0.7399359999999999,-0.6570240000000003,0.14963199999999982,-0.1368960000000001,-0.16409600000000027 0,0,0,1,0
0.9688081149619608,-0.7921386306001686,0.3823753169907015,-1.003254437869822,-0.30726965342349954,-0.9563398140321213,-0.25097210481825866,-0.3886728655959422,0.3073119188503803,0.019484361792054306,0.5747252747252745,0.5449281487743027,0.3120033812341504,0.9859256128486897,-0.3025781910397295,0.7654268808114963,-0.5981403212172443,0.21652578191039745,-0.15714285714285714,-0.15409974640743848 0,0,0,1,0
0.7329949238578678,-0.5984381101132367,0.1661069894572432,-0.9887543928153061,-0.5494728621632174,-0.9841077704021861,-0.35896134322530254,-0.39863334634908204,0.20792659117532206,-0.09195626708317037,0.7329949238578679,0.44240531042561515,0.6586489652479499,0.9953533775868801,-0.061577508785630626,0.8884810620851231,-0.5494728621632173,0.38199921905505674,-0.14057008980866847,-0.10589613432252999 0,0,0,1,0
1.0,-0.6072492552135055,0.3308920887123469,-0.9354104601125455,-0.3765723270440252,-0.9311486262826878,-0.11660046342270776,-0.3046590532936114,0.48005627275736507,0.21102284011916583,0.7570754716981132,0.7863704071499504,0.03682555445216812,0.9696292618338299,-0.6876861966236346,0.7948940748096658,-0.8283267130089376,0.12152432969215493,-0.21888447533929167,-0.1299238662694472 0,0,0,1,0
1.0,-0.744208494208494,0.4638720353006068,-0.8137065637065635,-0.02757859900717037,-0.6548538334252618,0.04191947049089912,-0.18822393822393801,0.39933811362382793,0.19401544401544418,0.26530612244897966,0.6705736348593494,-0.24103695532266955,0.6258963044677331,-0.7672366243794814,0.42236624379481535,-0.7374517374517373,0.07487589630446792,-0.21125206839492547,0.059983452840595884 0,0,0,1,0
0.9474372695921034,-0.8860744440480433,0.3598525389463668,-1.256035200380544,-0.4743726959210369,-1.147223213223926,-0.34379831133309546,-0.4145558330360324,0.33809014151504324,0.04245451302176267,0.8603876798668091,0.5284813889879892,0.28005708169818033,1.0,-0.5106433583065763,0.7823760256867642,-0.5831846830776548,0.11499583779284125,0.16399096206445463,-0.14615293138304164 0,0,0,1,0
1.0,-0.9527431208340457,0.30063237053495134,-1.2070586224576998,-0.37224406084430006,-1.1328832678174674,-0.6636472397880704,-0.5182874722269699,-0.1709109553922406,-0.014954708596821308,0.5496496325414459,0.2976414288155868,0.7297897795248676,0.8168689112972138,0.014527431208340493,0.8168689112972138,-0.5523842078277217,0.4142027003930949,-0.22919159118099466,-0.020252948213980767 0,0,0,1,0
0.7458345100254168,-1.1962722394803735,0.0256283535724371,-1.2176645015532344,-0.45926292007907393,-0.6899887037560017,-0.11698672691330145,-0.14092064388590836,0.5390426433210959,0.30118610561988113,0.6317424456368259,0.9215617057328438,-0.09559446484044065,0.9572154758542785,-0.7231008189776902,0.5365009884213497,-0.7801468511719857,-0.026828579497317505,-0.03854843264614524,-0.11239762778876063 0,0,0,1,0
0.43926460932370337,-1.0316261764062162,-0.19615889691398555,-0.9235609542569494,-0.23506237688772164,-0.42646093237032207,0.28365068942875915,-0.020135697089078808,0.6121689647625304,0.4942547603414313,0.27068286277084713,0.9956773911140293,-0.3604180345808711,0.8832895600787918,-0.758098052090173,0.3905121470781351,-0.17454585248413218,0.12683300503392408,0.47384548041146873,0.031735609542569265 0,0,0,1,0
0.07970911164979316,-1.0829887352060459,-0.39961500071296174,-0.8107799800370741,0.020533295308712313,-0.2841152146014545,0.5116925709396833,0.10052759161557105,0.7365606730357906,0.7159560815628119,0.07379153001568507,1.0,-0.5771424497362043,0.8461428775131898,-0.6244831028090689,0.15378582632254384,-0.08598317410523322,-0.02965920433480682,0.695137601597034,-0.04149436760302299 0,0,0,1,0
1.0,-0.7350445943006304,0.4028714378942789,-0.9210354579073303,-0.18446813139003687,-0.8818794866217092,-0.6053948227104632,-0.5490537306939304,-0.2823580596040895,-0.08897106808788297,0.27561453121601054,0.19490972373286966,0.32455949532303685,0.5571024581248644,-0.2529910811398737,0.5375244724820539,-0.40961496628235794,0.09701979551881704,0.15814661735914734,-0.010659125516640866 0,0,0,1,0
1.0,-0.47492288358277185,0.457100422712213,-0.9895464412201533,-0.21021364103735846,-1.1083057237518568,-0.583457100422712,-0.5654061464640697,-0.06317833885524948,-0.06774820061693165,0.5249628698731864,0.38466811378955745,0.37792756769107744,0.8653604478464522,-0.35724894321946743,0.8314292242659655,-0.5212498571918197,0.2772192391180163,0.10647777904718395,0.03404547012452841 0,0,0,1,0
0.12179822268687904,-1.419498170412964,-0.5891270256142189,-1.273131207527444,-0.5995818086774702,-0.6562990067956089,-0.07684265551489833,-0.2694720334553056,0.6759017250392054,0.02326189231573469,1.0,0.577365394668061,0.4249869315211708,0.9223732357553586,-0.2545739675901728,0.8073706220595926,-0.42185049660219587,0.315995818086775,0.20543648719289057,0.02326189231573469 0,0,0,1,0
1.0,-0.654881266490765,0.31846965699208446,-0.8986807387862794,-0.2522427440633245,-0.8488126649076515,-0.2910290237467018,-0.3002638522427438,0.30184696569920844,0.015567282321899977,0.8559366754617415,0.3978891820580477,0.4015831134564644,0.6804749340369396,-0.2522427440633245,0.6472295514511875,-0.8894459102902375,0.38680738786279706,-0.462796833773087,0.021108179419525305 0,0,0,1,0
0.6583220568335588,-1.005299954894001,-0.13892647722147042,-1.1875281912494362,-0.7938092016238159,-0.8401556156968877,-0.25281912494361747,-0.31055480378890393,0.4305367613892648,0.08806946323861073,0.9943053676138927,0.7258682904826341,0.31664411366711775,0.9764321154713577,-0.43504736129905275,0.851150202976996,-0.520466847090663,0.17918358141632834,0.2027514659449707,-0.10554803788903926 0,0,0,1,0
0.6531982825057803,-0.9975778927667074,-0.14477595508092034,-1.0028624903666195,-0.5833975558736101,-0.5325333039744581,0.06660794891555664,-0.14147308158097566,0.7588902345040187,0.18617196961356364,0.885720576901905,0.8837388528019376,0.08774633931520434,0.9207310360013211,-0.6151051414730816,0.6987779368050203,-0.7366508862710559,0.006495651216558206,-0.017945612683034143,-0.21545744797974262 0,0,0,1,0
0.9017288444040037,-0.7578480436760691,0.07188353048225668,-0.9434713375796178,-0.6651501364877159,-0.9489308462238397,-0.6323930846223837,-0.3702229299363057,0.05004549590536861,-0.07540946314831665,0.8362147406733393,0.19756596906278434,0.721565059144677,0.7598953594176523,-0.13011828935395803,0.6670837124658779,-0.7361237488626022,0.33951319381255685,-0.07552320291173784,0.017402183803457687 0,0,0,1,0
0.4478346456692913,-0.5232283464566928,0.04207677165354332,-0.5315944881889763,-0.22145669291338582,-0.24296259842519677,0.10900590551181102,-0.054724409448818824,-0.14616141732283464,-0.0128937007874015,-0.5059055118110236,0.1962598425196851,-0.2591043307086614,0.5560039370078741,0.13828740157480315,0.6563976377952756,0.531496062992126,0.6814960629921261,1.0,0.7065944881889764 0,0,0,0,1
0.47920433996383366,-0.5333475162216786,0.050313796404637894,-0.5218593766620574,-0.33645356876927973,-0.31124348473566654,-0.11052015743006052,-0.05850441442399763,0.08477821508350183,-0.020210615891926582,-0.3556004680353153,0.03723008190618,-0.2407190724391021,0.38953302840123366,0.12690139346878,0.5924901606212103,0.5098393787894905,0.6614189979789382,0.965535581321136,0.6269545793000741 0,0,0,0,1
0.5325956370534303,-0.47916534935188115,0.13092001264622197,-0.4937717356939614,-0.20259247549794496,-0.37935504268099907,-0.28049320265570654,-0.13348087258931396,0.0408472968700601,-0.05558014543155234,-0.31944356623458736,0.03692696806828958,-0.1612077141953841,0.3241858994625355,0.20395194435662348,0.39478343344925704,0.6031931710401517,0.3972178311729371,1.0,0.38261144483085674 0,0,0,0,1
1.0,-0.682016806722689,0.37450980392156863,-0.7078991596638655,-0.16039215686274513,-0.565546218487395,-0.2466666666666667,-0.18162464985994392,0.26235294117647057,-0.09535014005602235,-0.3631372549019608,-0.047899159663865494,-0.6047058823529412,0.36190476190476195,-0.1992156862745098,0.797591036414566,0.41764705882352937,0.9313165266106443,0.9568627450980393,0.8536694677871149 0,0,0,0,1
1.0,-0.8216829919857526,0.4949354407836153,-0.8175089047195014,-0.05186999109528054,-0.5879341050756902,-0.1311776491540517,-0.15800311665182554,0.18187889581478178,-0.11208815672306331,-0.37327471059661627,-0.03695458593054327,-0.6153717720391808,0.3220169189670525,-0.20631121994657173,0.6475957257346393,0.31127560106856633,0.7394256455921638,0.8413846838824577,0.7644701691896705 0,0,0,0,1
1.0,-0.8706877364789674,0.46616959715112394,-0.8229468061428891,-0.1544624972178945,-0.6580235922546185,-0.37580681059425775,-0.25439572668595606,0.17104384598263966,0.010349432450478408,0.23180503004673936,-0.020031159581571447,-0.3888270643222791,0.05375027821054963,-0.5580903627865569,0.44869797462719774,-0.12408190518584465,0.7394836412196749,0.49655018918317384,0.813265079011796 0,0,0,0,1
0.679353283791926,-0.5846555533239605,0.17252460333400285,-0.5019080136573607,-0.23086965254067077,-0.32606949186583634,0.04323157260494079,-0.04679654549106228,0.06391845752159073,-0.026109660574412354,-0.4118798955613576,0.04112271540469992,-0.4118798955613576,0.38762803775858623,0.022544687688290863,0.5324362321751357,0.4724844346254268,0.5738100020084356,1.0,0.5014059048001608 0,0,0,0,1
0.9864052287581698,-0.8258823529411765,0.27111111111111097,-0.7835294117647058,-0.3783006535947714,-0.6047058823529412,-0.09594771241830077,-0.25176470588235295,0.5393464052287581,-0.21411764705882352,0.11581699346405216,-0.1341176470588235,-0.6277124183006537,0.12941176470588237,-0.5383006535947714,0.6564705882352941,0.1252287581699345,0.9199999999999999,0.8734640522875816,0.9529411764705882 0,0,0,0,1
0.7930054023315326,-0.7241019808548953,0.18311060562979814,-0.6760496635390011,-0.34546488484503834,-0.4912330584778694,-0.42308785897071366,-0.2177044829873946,0.11288029570656813,-0.1363851767604967,-0.06823997725334088,-0.07724386314093457,-0.4489621836792721,0.1999810444507629,-0.11998862667045775,0.6435408965974788,0.4307648564117146,0.8246611695573879,1.0,0.8727134868732821 0,0,0,0,1
1.0,-0.8487535552952985,0.4211142713735988,-0.8387150744520662,-0.05404048853940096,-0.7115609837711225,-0.5325414087334782,-0.34348335285260156,-0.1611176175338798,-0.062405889242094614,0.1400368077630919,-0.03229044671239745,-0.3819641960849923,0.14170988790363065,-0.24811778484189384,0.5967876861301658,0.3374602643466622,0.7105571356867995,0.8661535887569015,0.7239417768111093 0,0,0,0,1
0.7083302644177654,-0.987478824482581,0.0828607203358621,-0.9550710760845549,-0.4551079030713707,-0.7055314134197541,-0.4875156514693968,-0.16432201517271872,0.07637917065625689,0.033365250055240346,0.1282315680930986,0.020402150696029915,-0.4194593798335421,0.23105251528319942,-0.15695661780953085,0.7009648670545775,0.4166605288355307,0.9018929071223392,1.0,0.9764307284377991 0,0,0,0,1
0.47093164680126504,-0.5452444660666502,-0.04226465580150793,-0.5928606178545364,-0.3015081488688881,-0.25954755533933327,0.19052541960593547,-0.15373388469958632,-0.010520554609583826,-0.10611773291170017,-0.49726343955242003,0.036730722451958284,-0.5554609584042809,0.4652760885429336,-0.01052055460958383,0.666322062758453,0.49738506446120173,0.6716127462904403,1.0,0.6610313792264656 0,0,0,0,1
0.727830290785771,-0.9538206219784975,0.11710801645140345,-0.8973951944584744,-0.41727397359116813,-0.678331769968973,-0.6296991124900786,-0.13399235154051503,-0.06544483728984771,-0.037737210476946226,0.06732087452197132,0.015369074247781389,-0.47369940111119124,0.22447507035139636,-0.2214445486687351,0.6659210621256946,0.4390648675950646,0.7721336315751498,1.0,0.7721336315751498 0,0,0,0,1
0.9426327471401742,-0.6721444425473789,0.254225712822264,-0.6434608161174661,-0.31586136247225527,-0.4785299641454668,-0.15451596380399513,-0.01242103465938176,0.5123783506914803,0.07721529793409612,0.10005122076148205,0.04494621820044408,-0.5202322007853849,0.18119344374253046,-0.28359228273860326,0.6473023732286154,0.3223493255933072,0.7799641454669628,1.0,0.8050623185931365 0,0,0,0,1
1.0,-0.7306686284126206,0.49534085335948996,-0.7667157103155142,0.057626287395782315,-0.6843223802517575,-0.2513487003433055,-0.5452836357691679,-0.3311672388425698,-0.16163969265980066,0.10139774399215308,-0.06122282164459715,0.2198381559588034,0.0031469674677128013,-0.1998528690534575,0.1550596697727643,-0.0582393330063756,0.4717590322053292,0.3769004413928397,0.5000817394147457 0,0,0,0,1
1.0,0.08553230209281167,0.7292993630573249,0.0391264786169245,0.38125568698817114,-0.015013648771610526,0.1337579617834396,-0.04595086442220197,-0.16014558689717912,-0.07688808007279341,-0.47725204731574145,-0.08462238398544128,-0.47725204731574145,-0.08462238398544128,-0.7788898999090079,-0.08462238398544128,-1.1888080072793445,-0.053685168334849834,-1.382165605095541,0.008189262966333054 0,0,0,0,1
0.6624059542108243,-0.6744599951460237,0.14153385648410316,-0.6297225143596796,-0.2003883180972414,-0.3133646145133889,0.3300703826551249,-0.18873877518000162,0.016908017150715902,-0.1855432408381199,-0.5359194239948224,0.04773076611924602,-0.7116738127983173,0.5206698487177412,-0.4560310654477794,0.9169161071110752,0.0808187039883504,1.0,0.5984952673731898,0.9552625192136559 0,0,0,0,1
1.0,-0.4722522133448498,0.3923558626646513,-0.530123083567264,-0.13933275750377883,-0.33842582595551707,0.32001727488663356,-0.016519110343338278,0.4863960267760743,-0.016519110343338278,-0.15380047505938238,0.019650183545670573,-0.7180414597279206,0.2077305117685166,-0.3925178147268408,0.6815482617145325,0.2151263226085079,0.8551608723817751,0.7757503778881452,0.9094148132152884 0,0,0,0,1
0.5853949206871045,-0.6312155831347086,0.13078408810717518,-0.6857688830443001,-0.25108901125996547,-0.500287663351689,-0.3529218377578696,-0.14387277060902437,0.05440946823374704,0.04160844908358678,0.13078408810717518,0.30346428864962605,-0.21472014465357112,0.5180406016273527,0.09441522150078083,0.779896441193392,0.5453891674200707,0.8708186077093778,1.0,0.8962768143338539 0,0,0,0,1
0.6277753591641271,-0.2836308228123639,0.5078363082281236,-0.15128428384849799,0.29277318241184147,-0.027209403569873697,0.1645624727905964,0.03482803656943845,0.015672616456247256,0.07618632999564655,-0.2986504135829343,0.10513713539399222,-0.45581192860252506,0.11340879407923384,-0.6874183717892904,0.11340879407923384,-0.8156290814105356,-0.018937744884632082,-0.7908141053548107,-0.17196343056160204,-0.5550718328254245,-0.27122333478450145,-0.435132781889421,-0.2753591641271223,-0.1414888985633435,-0.2422725293861558,0.015672616456247256,-0.18023508924684367,0.1686983021332172,-0.08924684370918586,0.3093164997823247,0.018284719198955208,0.4457988680888115,0.12995211144971708,0.5864170657379191,0.2374836743578581,0.8262951676099259,0.3946451893774489,1.0,0.50217675228559 1,0,0,0,0
1.0,-0.7535315201349356,0.7596457938013915,-0.5652540586126924,0.5994096563356526,-0.4250474383301707,0.4031203879401223,-0.26881720430107525,0.18279569892473124,-0.11258697027197977,-0.04954670040059026,0.03162555344718531,-0.2658654859793379,0.1437908496732026,-0.45814885093822466,0.23993253215264598,-0.6023613746573897,0.30402698713894155,-0.8427155808559982,0.2599620493358633,-0.8587391946025721,0.055660974067046155,-0.8306978705460677,-0.18869913556820578,-0.5943495677841028,-0.34092346616065783,-0.31794223065570304,-0.3208939489774404,-0.1376765760067467,-0.2567994939911448,0.04659498207885311,-0.1686696183849884,0.21484292641787905,-0.08053974277883197,0.4712207463630614,0.0957200084334809,0.6554923044486611,0.2559561458992199,0.8317520556609741,0.4242040902382458 1,0,0,0,0
0.38557255759206327,-0.28249537581974105,0.29729275264839417,-0.14477888010761727,0.1631074491340172,0.0070623843954935265,-0.009920968555574193,0.10946695813014964,-0.1970741550361526,0.14124768790987052,-0.39482091810997133,0.11652934252564318,-0.5078190684378677,0.007062384395493526,-0.5431309904153354,-0.16596603329409787,-0.5395997982175886,-0.3601816041701698,-0.39482091810997133,-0.42374306372961157,-0.2535732302001008,-0.34252564318143597,-0.06288885152177563,-0.13771649571212374,0.0677652597948546,0.02118715318648058,0.21607533210021865,0.19774676307381872,0.21607533210021865,0.19774676307381872,0.3714477888010762,0.3672439885656633,0.5126954767109467,0.5155540608710274,0.6398183958298302,0.6285522111989238,0.8587523120901295,0.7768622835042879,1.0,0.8262989742727426 1,0,0,0,0
0.6671018276762403,-0.767188859878155,0.34530026109660583,-0.4527850304612707,-0.1725413402959094,-0.1420800696257616,-0.6422976501305482,0.03916449086161871,-0.9012184508268057,-0.19386422976501314,-0.5054395126196691,-0.3899042645778939,-0.061575282854656146,-0.12358572671888607,0.2121409921671019,0.2499999999999999,0.5450391644908616,0.6087902523933855,1.0,0.7863359442993906 1,0,0,0,0
