0 800.1102405593365
100 56.65092141699896
200 24.283237475500066
300 18.848724212840573
400 16.25544468287083
500 14.395545574285531
600 12.954825442240855
700 11.811479620716598
800 10.886429047383194
900 10.12442753003076
1000 9.486723882471374
1100 8.945603585151806
1200 8.480483035175116
1300 8.075519153482283
1400 7.718305673412703
1500 7.399136262184762
1600 7.110488127434431
1700 6.8465841279245145
1800 6.603007713929388
1900 6.376379975157241
2000 6.164104925454355
2100 5.96417817337837
2200 5.775046970230449
2300 5.59550772668862
2400 5.424628659527743
2500 5.261688370593137
2600 5.1061245977792105
2700 4.957490358158874
2800 4.815416797686367
2900 4.679583101611077
3000 4.549693905922842
3100 4.425464114984695
3200 4.306610303363022
3300 4.192847316707521
3400 4.0838884607287165
3500 3.9794477682743614
3600 3.8792431434780554
3700 3.7829995606515916
3800 3.690451842290568
3900 3.601346805413276
4000 3.5154447398751336
4100 3.43252028052859
4200 3.3523627788999018
4300 3.274776289848273
4400 3.199579280022196
4500 3.126604148190051
4600 3.0556966288445224
4700 2.9867151330757578
4800 2.9195300659507213
4900 2.8540231478512217
5000 2.7900867582014794
5100 2.727623313324115
5200 2.666544685310987
5300 2.606771665325794
5400 2.5482334722776705
5500 2.490867306007202
5600 2.434617942767633
5700 2.3794373696880586
5800 2.3252844539477
5900 2.2721246414898784
6000 2.2199296792157943
6100 2.168677353706338
6200 2.1183512386390206
6300 2.068940442234172
6400 2.0204393453444256
6500 1.9728473202794685
6600 1.926168420239723
6700 1.88041102943595
6800 1.8355874647174655
6900 1.7917135209299966
7000 1.748807954357166
7100 1.7068919015011235
7200 1.6659882340943848
7300 1.626120855489034
7400 1.5873139482289842
7500 1.549591187372676
7600 1.5129749386171722
7700 1.4774854640547654
7800 1.4431401610452013
7900 1.4099528608406435
8000 1.37793321299639
8100 1.347086179138287
8200 1.3174116554233175
8300 1.2889042373027282
8400 1.2615531334229042
8500 1.235342228241019
8600 1.210250285801511
8700 1.1862512806984225
8800 1.1633148370235005
8900 1.1414067524076732
9000 1.1204895822641796
9100 1.1005232590184377
9200 1.0814657222927135
9300 1.0632735384188663
9400 1.0459024909306893
9500 1.0293081274728377
9600 1.0134462525123302
9700 0.998273359061579
9800 0.9837469960977198
9900 0.9698260713455952
10000 0.9564710915048236
10100 0.9436443438282573
10200 0.9313100242285639
10300 0.9194343178613295
10400 0.9079854384845838
10500 0.896933632910367
10600 0.8862511566259426
10700 0.8759122262467298
10800 0.8658929539342372
10900 0.856171268323948
11000 0.8467268259014579
11100 0.8375409161710299
11200 0.8285963634001973
11300 0.8198774272109095
11400 0.8113697038287156
11500 0.8030600294000981
11600 0.7949363864429868
11700 0.7869878142040382
11800 0.779204323454197
11900 0.7715768160561619
12000 0.7640970094783022
12100 0.7567573663040418
12200 0.7495510286887118
12300 0.7424717576427379
12400 0.7355138769666497
12500 0.7286722216261009
12600 0.721942090330802
12700 0.7153192020672301
12800 0.708799656328988
12900 0.7023798967888619
13000 0.6960566781614168
13100 0.6898270360131393
13200 0.6836882592876211
13300 0.6776378653253908
13400 0.671673577171019
13500 0.6657933029734262
13600 0.6599951172991485
13700 0.6542772441911981
13800 0.6486380418194603
13900 0.6430759885806487
14000 0.6375896705176279
14100 0.6321777699390098
14200 0.6268390551300409
14300 0.6215723710554938
14400 0.6163766309640389
14500 0.6112508088116911
14600 0.6061939324294544
14700 0.6012050773670081
14800 0.5962833613505962
14900 0.591427939298936
15000 0.586637998846076
15100 0.5819127563248611
15200 0.5772514531689366
15300 0.5726533526949872
15400 0.5681177372304791
15500 0.5636439055552886
15600 0.5592311706284708
15700 0.5548788575739994
15800 0.5505863019016348
15900 0.5463528479412605
16000 0.5421778474708525
16100 0.5380606585200439
16200 0.5340006443328379
16300 0.5299971724743915
16400 0.5260496140681613
16500 0.5221573431508115
16600 0.5183197361334303
16700 0.5145361713585357
16800 0.5108060287432256
16900 0.5071286894997271
17000 0.5035035359252082
17100 0.4999299512535291
17200 0.49640731956213663
17300 0.4929350257279207
17400 0.48951245542634475
17500 0.48613899516868425
17600 0.4828140323725766
17700 0.4795369554615582
17800 0.4763071539895903
17900 0.4731240187869344
18000 0.46998694212405634
18100 0.4668953178905024
18200 0.46384854178598484
18300 0.4608460115211785
18400 0.457887127025848
18500 0.4549712906623372
18600 0.45209790744243195
18700 0.4492663852459131
18800 0.4464761350392905
18900 0.44372657109327085
19000 0.44101711119775855
19100 0.43834717687326263
19200 0.4357161935777206
19300 0.4331235909078732
19400 0.43056880279441867
19500 0.42805126769029767
19600 0.42557042875151585
19700 0.4231257340100371
19800 0.4207166365383227
19900 0.4183425946052105
20000 0.41600307182284846
20100 0.4136975372844761
20200 0.4114254656929607
20300 0.40918633747993605
20400 0.40697963891555433
20500 0.4048048622088287
20600 0.4026615055986531
20700 0.40054907343554946
20800 0.39846707625426453
20900 0.39641503083741964
21000 0.3943924602703175
21100 0.39239889398718236
21200 0.39043386780900774
21300 0.3884969239732775
21400 0.38658761115584167
21500 0.3847054844851756
21600 0.3828501055493486
21700 0.38102104239598833
21800 0.3792178695255369
21900 0.37744016787810203
22000 0.37568752481424966
22100 0.37395953408999416
22200 0.3722557958263638
22300 0.3705759164738063
22400 0.3689195087717652
22500 0.3672861917037443
22600 0.3656755904481432
22700 0.3640873363251713
22800 0.36252106674013185
22900 0.3609764251233592
23000 0.3594530608670918
23100 0.3579506292595335
23200 0.35646879141638255
23300 0.35500721421006665
23400 0.35356557019692797
23500 0.3521435375425943
23600 0.3507407999457544
23700 0.34935704656054534
23800 0.34799197191776954
23900 0.3466452758451169
24000 0.3453166633865841
24100 0.3440058447212642
24200 0.3427125350816612
24300 0.34143645467170425
24400 0.34017732858456595
24500 0.33893488672047867
24600 0.3377088637046048
24700 0.33649899880515166
24800 0.33530503585178106
24900 0.3341267231544468
25000 0.3329638134227502
25100 0.3318160636858822
25200 0.3306832352132621
25300 0.32956509343591367
25400 0.3284614078686544
25500 0.32737195203318414
25600 0.3262965033820677
25700 0.32523484322372126
25800 0.3241867566484091
25900 0.3231520324552899
26000 0.32213046308055543
26100 0.3211218445266975
26200 0.3201259762928832
26300 0.3191426613065342
26400 0.31817170585603655
26500 0.31721291952466957
26600 0.3162661151257238
26700 0.31533110863880903
26800 0.31440771914739823
26900 0.31349576877754703
27000 0.31259508263784636
27100 0.31170548876056325
27200 0.3108268180439866
27300 0.3099589041959516
27400 0.30910158367857443
27500 0.30825469565411523
27600 0.30741808193203873
27700 0.30659158691719346
27800 0.30577505755914314
27900 0.30496834330259626
28000 0.3041712960389446
28100 0.3033837700588904
28200 0.30260562200612773
28300 0.30183671083207597
28400 0.30107689775164626
28500 0.30032604620001563
28600 0.2995840217903888
28700 0.2988506922727333
28800 0.29812592749347383
28900 0.2974095993561043
29000 0.2967015817827223
29100 0.29600175067645335
29200 0.2953099838847478
29300 0.29462616116351953
29400 0.2939501641421396
29500 0.29328187628922076
29600 0.2926211828792041
29700 0.2919679709597199
29800 0.2913221293197047
29900 0.29068354845825145
30000 0.2900521205541748
30100 0.2894277394362836
30200 0.28881030055433016
30300 0.288199700950618
30400 0.2875958392322621
30500 0.28699861554407746
30600 0.2864079315420832
30700 0.28582369036758726
30800 0.2852457966218725
30900 0.2846741563414269
31000 0.28410867697374065
31100 0.2835492673536185
31200 0.2829958376800274
31300 0.2824482994934388
31400 0.2819065656536658
31500 0.2813705503181753
31600 0.28084016892086605
31700 0.28031533815129717
31800 0.2797959759343494
31900 0.2792820014103312
32000 0.27877333491547046
32100 0.2782698979628315
32200 0.27777161322362043
32300 0.2772784045088607
32400 0.2767901967514492
32500 0.27630691598856355
32600 0.2758284893444312
32700 0.27535484501342633
32800 0.27488591224350206
32900 0.2744216213199462
33000 0.2739619035494524
33100 0.27350669124447763
33200 0.27305591770792703
33300 0.2726095172180989
33400 0.2721674250139187
33500 0.27172957728044905
33600 0.2712959111346654
33700 0.2708663646114817
33800 0.2704408766500403
33900 0.27001938708022943
34000 0.2696018366094573
34100 0.269188166809647
34200 0.26877832010445746
34300 0.26837223975673313
34400 0.267969869856162
34500 0.2675711553071396
34600 0.2671760418168486
34700 0.26678447588352555
34800 0.2663964047849294
34900 0.26601177656699543
35000 0.26563054003268144
35100 0.26525264473097665
35200 0.26487804094611317
35300 0.2645066796869252
35400 0.26413851267639255
35500 0.2637734923413354
35600 0.26341157180228564
35700 0.26305270486349547
35800 0.26269684600312043
35900 0.2623439503635329
36000 0.26199397374179767
36100 0.2616468725802848
36200 0.2613026039574184
36300 0.2609611255785713
36400 0.26062239576709106
36500 0.26028637345546074
36600 0.2599530181765791
36700 0.2596222900551876
36800 0.2592941497993925
36900 0.25896855869234126
37000 0.2586454785839969
37100 0.2583248718830317
37200 0.2580067015488519
37300 0.2576909310837064
37400 0.2573775245249396
37500 0.2570664464373317
37600 0.25675766190554955
37700 0.25645113652670865
37800 0.2561468364030326
37900 0.25584472813461534
38000 0.2555447788122884
38100 0.2552469560105815
38200 0.25495122778077944
38300 0.2546575626440723
38400 0.25436592958480947
38500 0.2540762980438336
38600 0.25378863791191103
38700 0.25350291952325615
38800 0.2532191136491253
38900 0.2529371914915281
39000 0.25265712467699214
39100 0.25237888525042984
39200 0.2521024456690891
39300 0.2518277787965743
39400 0.251554857896956
39500 0.2512836566289619
39600 0.25101414904023694
39700 0.2507463095616895
39800 0.2504801130019089
39900 0.2502155345416613
40000 0.24995254972845365
40100 0.24969113447117672
40200 0.24943126503482252
40300 0.2491729180352602
40400 0.2489160704340976
40500 0.24866069953360084
40600 0.24840678297169053
40700 0.24815429871699932
40800 0.24790322506399629
40900 0.24765354062818432
41000 0.24740522434135612
41100 0.24715825544691067
41200 0.24691261349524873
41300 0.24666827833920932
41400 0.24642523012958822
41500 0.24618344931070524
41600 0.24594291661603296
41700 0.24570361306389402
41800 0.24546551995320356
41900 0.24522861885928163
42000 0.2449928916297191
42100 0.2447583203802957
42200 0.24452488749096213
42300 0.2442925756018725
42400 0.24406136760947417
42500 0.24383124666264694
42600 0.2436021961589012
42700 0.24337419974063043
42800 0.2431472412914046
42900 0.24292130493232952
43000 0.24269637501844524
43100 0.24247243613518563
43200 0.2422494730948786
43300 0.24202747093329804
43400 0.24180641490626686
43500 0.2415862904863084
43600 0.24136708335933765
43700 0.24114877942140972
43800 0.24093136477550528
43900 0.24071482572837274
44000 0.24049914878740208
44100 0.2402843206575515
44200 0.2400703282383202
44300 0.2398571586207568
44400 0.23964479908451894
44500 0.23943323709496714
44600 0.23922246030030897
44700 0.2390124565287796
44800 0.23880321378586242
44900 0.2385947202515536
45000 0.23838696427766443
45100 0.2381799343851623
45200 0.23797361926155475
45300 0.23776800775830706
45400 0.23756308888829986
45500 0.2373588518233245
45600 0.23715528589161297
45700 0.23695238057541052
45800 0.23675012550857716
45900 0.23654851047422887
46000 0.23634752540241255
46100 0.23614716036781522
46200 0.2359474055875131
46300 0.23574825141874337
46400 0.23554968835671655
46500 0.2353517070324679
46600 0.23515429821072717
46700 0.23495745278782826
46800 0.2347611617896552
46900 0.2345654163696096
47000 0.23437020780661502
47100 0.23417552750314996
47200 0.23398136698331107
47300 0.2337877178909089
47400 0.23359457198758818
47500 0.2334019211509773
47600 0.23320975737286817
47700 0.23301807275743014
47800 0.23282685951943857
47900 0.2326361099825384
48000 0.23244581657753624
48100 0.23225597184071942
48200 0.23206656841218867
48300 0.23187759903423924
48400 0.23168905654974334
48500 0.23150093390057894
48600 0.23131322412606808
48700 0.23112592036144325
48800 0.23093901583634832
48900 0.2307525038733486
49000 0.23056637788646833
49100 0.2303806313797608
49200 0.2301952579458921
49300 0.2300102512647426
49400 0.22982560510204686
49500 0.22964131330804116
49600 0.2294573698161366
49700 0.22927376864161508
49800 0.22909050388034988
49900 0.22890756970753143
50000 0.2287249603764352
50100 0.22854267021719632
50200 0.22836069363559866
50300 0.22817902511190133
50400 0.22799765919966877
50500 0.22781659052462622
50600 0.22763581378353148
50700 0.22745532374306793
50800 0.2272751152387529
50900 0.22709518317386695
51000 0.22691552251839503
51100 0.2267361283079924
51200 0.22655699564296222
51300 0.2263781196872483
51400 0.22619949566745678
51500 0.22602111887187612
51600 0.2258429846495193
51700 0.2256650884092023
51800 0.2254874256185997
51900 0.22530999180334826
52000 0.2251327825461479
52100 0.22495579348589195
52200 0.22477902031679287
52300 0.22460245878754115
52400 0.2244261047004646
52500 0.22424995391071464
52600 0.22407400232545313
52700 0.22389824590306062
52800 0.2237226806523571
52900 0.22354730263183387
53000 0.22337210794890416
53100 0.22319709275915606
53200 0.22302225326562827
53300 0.2228475857180894
53400 0.22267308641234287
53500 0.22249875168952915
53600 0.2223245779354422
53700 0.22215056157987215
53800 0.2219766990959392
53900 0.2218029869994493
54000 0.22162942184826873
54100 0.2214560002416895
54200 0.22128271881982298
54300 0.2211095742629996
54400 0.22093656329117534
54500 0.22076368266334642
54600 0.22059092917698686
54700 0.22041829966748383
54800 0.2202457910075869
54900 0.22007340010686574
55000 0.21990112391117977
55100 0.21972895940215822
55200 0.21955690359668303
55300 0.21938495354638907
55400 0.21921310633716293
55500 0.21904135908866745
55600 0.21886970895385488
55700 0.21869815311850221
55800 0.21852668880075052
55900 0.21835531325065505
56000 0.21818402374973758
56100 0.21801281761055327
56200 0.21784169217626567
56300 0.2176706448202196
56400 0.21749967294553518
56500 0.21732877398470213
56600 0.21715794539918076
56700 0.21698718467901473
56800 0.21681648934244416
56900 0.21664585693553828
57000 0.21647528503181834
57100 0.21630477123190137
57200 0.2161343131631444
57300 0.21596390847929503
57400 0.2157935548601548
57500 0.21562325001123764
57600 0.21545299166344592
57700 0.21528277757274927
57800 0.21511260551986575
57900 0.21494247330995495
58000 0.21477237877230954
58100 0.21460231976006364
58200 0.21443229414989654
58300 0.21426229984175255
58400 0.21409233475854827
58500 0.21392239684591427
58600 0.21375248407191152
58700 0.21358259442677502
58800 0.21341272592265584
58900 0.21324287659336297
59000 0.21307304449411948
59100 0.2129032277013165
59200 0.21273342431227968
59300 0.2125636324450306
59400 0.21239385023806467
59500 0.21222407585012418
59600 0.21205430745998066
59700 0.21188454326622175
59800 0.2117147814870413
59900 0.2115450203600354
60000 0.2113752581420031
60100 0.2112054931087511
60200 0.21103572355489766
60300 0.21086594779369455
60400 0.21069616415683529
60500 0.210526370994284
60600 0.21035656667409577
60700 0.21018674958224787
60800 0.21001691812247714
60900 0.20984707071611206
61000 0.20967720580191695
61100 0.20950732183594092
61200 0.20933741729135613
61300 0.2091674906583267
61400 0.20899754044385077
61500 0.2088275651716309
61600 0.20865756338193145
61700 0.20848753363144973
61800 0.20831747449318658
61900 0.20814738455631937
62000 0.20797726242608103
62100 0.20780710672363845
62200 0.20763691608598453
62300 0.2074666891658167
62400 0.20729642463143333
62500 0.20712612116662596
62600 0.20695577747058
62700 0.2067853922577686
62800 0.20661496425786438
62900 0.20644449221563974
63000 0.20627397489087815
63100 0.2061034110582885
63200 0.20593279950741963
63300 0.20576213904257507
63400 0.2055914284827437
63500 0.20542066666150885
63600 0.2052498524269914
63700 0.20507898464176866
63800 0.2049080621828083
63900 0.20473708394140702
64000 0.2045660488231235
64100 0.20439495574772154
64200 0.20422380364911225
64300 0.20405259147530033
64400 0.20388131818832703
64500 0.20370998276422816
64600 0.2035385841929792
64700 0.20336712147845734
64800 0.20319559363839304
64900 0.2030239997043345
65000 0.20285233872160927
65100 0.2026806097492844
65200 0.20250881186014177
65300 0.20233694414063821
65400 0.2021650056908844
65500 0.20199299562461379
65600 0.20182091306915959
65700 0.20164875716543698
65800 0.20147652706791405
65900 0.20130422194460648
66000 0.20113184097704728
66100 0.2009593833602894
66200 0.20078684830288007
66300 0.20061423502685957
66400 0.20044154276775095
66500 0.20026877077455674
66600 0.20009591830974952
66700 0.19992298464928115
66800 0.1997499690825696
66900 0.199576870912513
67000 0.19940368945548548
67100 0.19923042404134902
67200 0.19905707401345607
67300 0.19888363872866313
67400 0.19871011755733906
67500 0.19853650988338
67600 0.19836281510422468
67700 0.19818903263086884
67800 0.19801516188788296
67900 0.1978412023134366
68000 0.19766715335931617
68100 0.1974930144909485
68200 0.19731878518742538
68300 0.19714446494153126
68400 0.19697005325977177
68500 0.19679554966240034
68600 0.1966209536834526
68700 0.19644626487077427
68800 0.19627148278606218
68900 0.19609660700489448
69000 0.1959216371167667
69100 0.19574657272513535
69200 0.19557141344745407
69300 0.19539615891521417
69400 0.19522080877399026
69500 0.19504536268348135
69600 0.19486982031755792
69700 0.19469418136430683
69800 0.1945184455260806
69900 0.1943426125195461
70000 0.1941666820757342
70100 0.19399065394009143
70200 0.19381452787253498
70300 0.19363830364750143
70400 0.19346198105400772
70500 0.19328555989570398
70600 0.19310903999093043
70700 0.1929324211727788
70800 0.19275570328914723
70900 0.19257888620280456
71000 0.19240196979145208
71100 0.192224953947782
71200 0.192047838579543
71300 0.19187062360960883
71400 0.1916933089760334
71500 0.19151589463212843
71600 0.19133838054652427
71700 0.1911607667032366
71800 0.1909830531017396
71900 0.1908052397570299
72000 0.1906273266997042
72100 0.19044931397602394
72200 0.19027120164798675
72300 0.19009298979340564
72400 0.1899146785059733
72500 0.18973626789534184
72600 0.1895577580871939
72700 0.1893791492233178
72800 0.189200441461685
72900 0.18902163497652336
73000 0.18884272995839468
73100 0.18866372661426747
73200 0.1884846251676011
73300 0.18830542585841942
73400 0.18812612894338418
73500 0.18794673469588302
73600 0.18776724340609824
73700 0.1875876553810894
73800 0.18740797094487413
73900 0.18722819043850156
74000 0.18704831422013793
74100 0.18686834266513905
74200 0.18668827616613398
74300 0.18650811513310162
74400 0.18632785999345244
74500 0.18614751119210687
74600 0.1859670691915713
74700 0.18578653447201796
74800 0.18560590753136652
74900 0.18542518888536183
75000 0.18524437906764585
75100 0.18506347862984474
75200 0.18488248814163882
75300 0.18470140819084446
75400 0.18452023938348538
75500 0.18433898234387486
75600 0.1841576377146882
75700 0.1839762061570341
75800 0.18379468835053558
75900 0.1836130849933983
76000 0.18343139680248982
76100 0.18324962451340363
76200 0.18306776888053208
76300 0.182885830677144
76400 0.18270381069544306
76500 0.18252170974664814
76600 0.18233952866105008
76700 0.18215726828808368
76800 0.18197492949639135
76900 0.18179251317388842
77000 0.18161002022782244
77100 0.1814274515848394
77200 0.1812448081910387
77300 0.18106209101203602
77400 0.18087930103301844
77500 0.18069643925879714
77600 0.1805135067138681
77700 0.18033050444246018
77800 0.18014743350858417
77900 0.17996429499608563
78000 0.1797810900086886
78100 0.1795978196700433
78200 0.17941448512376681
78300 0.17923108753348632
78400 0.1790476280828775
78500 0.17886410797570132
78600 0.178680528435837
78700 0.17849689070731967
78800 0.17831319605436236
78900 0.17812944576139272
79000 0.17794564113307204
79100 0.17776178349432
79200 0.1775778741903333
79300 0.17739391458660847
79400 0.1772099060689511
79500 0.17702585004348703
79600 0.17684174793667845
79700 0.17665760119532353
79800 0.17647341128656266
79900 0.17628917969787883
80000 0.1761049079370931
80100 0.17592059753235947
80200 0.1757362500321587
80300 0.1755518670052785
80400 0.17536745004080428
80500 0.17518300074809862
80600 0.1749985207567769
80700 0.1748140117166785
80800 0.17462947529784503
80900 0.17444491319047353
81000 0.17426032710489592
81100 0.17407571877152062
81200 0.17389108994080066
81300 0.1737064423831761
81400 0.17352177788902517
81500 0.17333709826860594
81600 0.17315240535199525
81700 0.1729677009890238
81800 0.1727829870492027
81900 0.17259826542165843
82000 0.17241353801504136
82100 0.172228806757456
82200 0.17204407359636562
82300 0.17185934049850146
82400 0.1716746094497711
82500 0.17148988245515115
82600 0.17130516153858855
82700 0.1711204487428816
82800 0.17093574612957121
82900 0.1707510557788225
83000 0.17056637978929187
83100 0.17038172027800497
83200 0.17019707938021836
83300 0.17001245924927988
83400 0.16982786205648642
83500 0.16964328999093017
83600 0.16945874525934715
83700 0.16927423008595505
83800 0.16908974671228946
83900 0.16890529739703128
84000 0.16872088441583308
84100 0.16853651006113637
84200 0.1683521766419889
84300 0.168167886483846
84400 0.16798364192838364
84500 0.16779944533328567
84600 0.1676152990720435
84700 0.16743120553373883
84800 0.1672471671228291
84900 0.16706318625891936
85000 0.16687926537653824
85100 0.16669540692489607
85200 0.16651161336765366
85300 0.16632788718266647
85400 0.1661442308617439
85500 0.16596064691038734
85600 0.16577713784752646
85700 0.16559370620526034
85800 0.1654103545285738
85900 0.1652270853750727
86000 0.16504390131468546
86100 0.16486080492939012
86200 0.1646777988129091
86300 0.1644948855704152
86400 0.16431206781822966
86500 0.1641293481835052
86600 0.16394672930391907
86700 0.16376421382735123
86800 0.1635818044115584
86900 0.16339950372384543
87000 0.16321731444072926
87100 0.16303523924760185
87200 0.16285328083838563
87300 0.162671441915183
87400 0.1624897251879247
87500 0.16230813337400887
87600 0.16212666919793706
87700 0.1619453353909553
87800 0.1617641346906699
87900 0.16158306984068296
88000 0.16140214359020302
88100 0.16122135869366594
88200 0.1610407179103457
88300 0.1608602240039596
88400 0.16067987974227316
88500 0.16049968789670116
88600 0.1603196512419025
88700 0.16013977255537468
88800 0.1599600546170397
88900 0.1597805002088342
89000 0.159601112114289
89100 0.1594218931181109
89200 0.15924284600575855
89300 0.15906397356301413
89400 0.1588852785755596
89500 0.15870676382854484
89600 0.1585284321061472
89700 0.15835028619114197
89800 0.1581723288644645
89900 0.15799456290476369
90000 0.15781699108796954
90100 0.15763961618683908
90200 0.15746244097052037
90300 0.1572854682040984
90400 0.1571087006481526
90500 0.1569321410583049
90600 0.15675579218476957
90700 0.15657965677190588
90800 0.15640373755776238
90900 0.15622803727362738
91000 0.15605255864357753
91100 0.15587730438402303
91200 0.1557022772032589
91300 0.1555274798010121
91400 0.15535291486798908
91500 0.15517858508542046
91600 0.15500449312462428
91700 0.15483064164654217
91800 0.1546570333012989
91900 0.15448367072775573
92000 0.15431055655306009
92100 0.1541376933922079
92200 0.15396508384759688
92300 0.15379273050858996
92400 0.15362063595107434
92500 0.15344880273702804
92600 0.15327723341408908
92700 0.15310593051511875
92800 0.15293489655778272
92900 0.15276413404411607
93000 0.15259364546011459
93100 0.15242343327530664
93200 0.15225349994234433
93300 0.1520838478965935
93400 0.15191447955572115
93500 0.15174539731930148
93600 0.15157660356841074
93700 0.15140810066523827
93800 0.15123989095269347
93900 0.15107197675402395
94000 0.15090436037243174
94100 0.15073704409070837
94200 0.1505700301708507
94300 0.1504033208537106
94400 0.1502369183586284
94500 0.1500708248830828
94600 0.14990504260234486
94700 0.1497395736691318
94800 0.14957442021327932
94900 0.14940958434140494
95000 0.14924506813659225
95100 0.14908087365807066
95200 0.14891700294090685
95300 0.14875345799570072
95400 0.14859024080829442
95500 0.14842735333947557
95600 0.14826479752470356
95700 0.14810257527382714
95800 0.14794068847081993
95900 0.14777913897352657
96000 0.14761792861339793
96100 0.14745705919525387
96200 0.14729653249704497
96300 0.14713635026962252
96400 0.14697651423651079
96500 0.1468170260937052
96600 0.14665788750945283
96700 0.14649910012405962
96800 0.1463406655497067
96900 0.14618258537025522
97000 0.14602486114108454
97100 0.145867494388919
97200 0.14571048661167169
97300 0.14555383927830062
97400 0.1453975538286586
97500 0.14524163167337026
97600 0.14508607419369973
97700 0.14493088274144206
97800 0.14477605863881174
97900 0.1446216031783425
98000 0.14446751762279905
98100 0.1443138032050983
98200 0.14416046112822659
98300 0.14400749256518386
98400 0.1438548986589214
98500 0.14370268052229263
98600 0.14355083923801723
98700 0.1433993758586437
98800 0.14324829140653003
98900 0.14309758687382776
99000 0.14294726322247073
99100 0.14279732138418022
99200 0.1426477622604723
99300 0.1424985867226768
99400 0.14234979561195577
99500 0.14220138973934607
99600 0.14205336988579328
99700 0.1419057368022001
99800 0.14175849120948875
99900 0.1416116337986567
100000 0.1414651652308564
100100 0.1413190861374656
100200 0.14117339712018026
100300 0.1410280987511092
100400 0.14088319157286572
100500 0.14073867609868662
100600 0.14059455281254019
100700 0.14045082216925012
100800 0.1403074845946229
100900 0.14016454048558846
101000 0.14002199021033163
101100 0.13987983410845245
101200 0.1397380724911126
101300 0.13959670564119991
101400 0.13945573381349272
101500 0.13931515723483823
101600 0.13917497610432553
101700 0.13903519059347183
101800 0.1388958008464152
101900 0.13875680698010975
102000 0.13861820908452294
102100 0.13848000722284626
102200 0.1383422014317044
102300 0.13820479172137348
102400 0.13806777807599802
102500 0.13793116045382237
102600 0.1377949387874184
102700 0.13765911298391745
102800 0.13752368292525596
102900 0.13738864846841126
103000 0.13725400944565438
103100 0.1371197656647988
103200 0.1369859169094534
103300 0.13685246293928538
103400 0.13671940349027545
103500 0.1365867382749898
103600 0.13645446698284286
103700 0.13632258928037083
103800 0.13619110481150298
103900 0.13606001319784317
104000 0.13592931403894354
104100 0.1357990069125921
104200 0.13566909137508756
104300 0.13553956696153868
104400 0.13541043318613943
104500 0.1352816895424645
104600 0.13515333550376435
104700 0.1350253705232526
104800 0.1348977940344056
104900 0.13477060545125563
105000 0.13464380416868954
105100 0.1345173895627476
105200 0.13439136099092464
105300 0.1342657177924665
105400 0.13414045928867308
105500 0.13401558478320194
105600 0.13389109356237003
105700 0.13376698489545344
105800 0.13364325803499363
105900 0.13351991221709764
106000 0.13339694666174506
106100 0.1332743605730854
106200 0.13315215313974696
106300 0.13303032353513528
106400 0.13290887091773743
106500 0.13278779443141925
106600 0.13266709320573256
106700 0.13254676635621154
106800 0.1324268129846713
106900 0.13230723217951068
107000 0.13218802301600532
107100 0.13206918455660524
107200 0.13195071585123194
107300 0.13183261593757026
107400 0.13171488384136223
107500 0.13159751857669644
107600 0.13148051914629985
107700 0.13136388454182432
107800 0.13124761374413577
107900 0.13113170572359376
108000 0.13101615944033795
108100 0.13090097384456964
108200 0.13078614787682866
108300 0.13067168046826966
108400 0.13055757054094197
108500 0.13044381700805516
108600 0.13033041877425583
108700 0.13021737473589182
108800 0.13010468378128065
108900 0.12999234479097266
109000 0.1298803566380109
109100 0.12976871818819122
109200 0.12965742830031896
109300 0.1295464858264624
109400 0.1294358896122019
109500 0.12932563849688178
109600 0.12921573131385333
109700 0.12910616689072005
109800 0.12899694404957637
109900 0.12888806160724695
110000 0.1287795183755223
110100 0.12867131316138478
110200 0.12856344476724774
110300 0.1284559119911734
110400 0.1283487136271017
110500 0.1282418484650669
110600 0.1281353152914189
110700 0.12802911288903412
110800 0.12792324003753006
110900 0.12781769551347533
111000 0.1277124780905895
111100 0.1276075865399538
111200 0.1275030196302041
111300 0.12739877612773065
111400 0.12729485479687436
111500 0.1271912544001108
111600 0.12708797369824557
111700 0.12698501145059346
111800 0.12688236641516226
111900 0.126780037348833
112000 0.1266780230075289
112100 0.12657632214639927
112200 0.12647493351997738
112300 0.12637385588235558
112400 0.1262730879873445
112500 0.12617262858863312
112600 0.12607247643994884
112700 0.12597263029521655
112800 0.1258730889086955
112900 0.12577385103514593
113000 0.12567491542996084
113100 0.12557628084931866
113200 0.12547794605031592
113300 0.12537990979110955
113400 0.12528217083104837
113500 0.12518472793080604
113600 0.1250875798525088
113700 0.12499072535985911
113800 0.12489416321826383
113900 0.12479789219494858
114000 0.1247019110590802
114100 0.12460621858187648
114200 0.12451081353672443
114300 0.12441569469928185
114400 0.12432086084759181
114500 0.12422631076218003
114600 0.12413204322616167
114700 0.124038057025337
114800 0.1239443509482875
114900 0.12385092378647174
115000 0.12375777433431599
115100 0.12366490138930086
115200 0.1235723037520509
115300 0.12347998022641696
115400 0.12338792961955587
115500 0.12329615074201553
115600 0.12320464240780227
115700 0.12311340343446521
115800 0.12302243264316222
115900 0.122931728858734
116000 0.12284129090976446
116100 0.12275111762865956
116200 0.12266120785169622
116300 0.12257156041909309
116400 0.12248217417506788
116500 0.12239304796789076
116600 0.12230418064994494
116700 0.12221557107777686
116800 0.12212721811214618
116900 0.12203912061807798
117000 0.12195127746491004
117100 0.1218636875263319
117200 0.12177634968043978
117300 0.12168926280976478
117400 0.12160242580132703
117500 0.12151583754666331
117600 0.12142949694186411
117700 0.12134340288761576
117800 0.1212575542892284
117900 0.1211719500566638
118000 0.12108658910457427
118100 0.12100147035232234
118200 0.12091659272401152
118300 0.12083195514851296
118400 0.12074755655948417
118500 0.12066339589539517
118600 0.1205794720995482
118700 0.12049578412009639
118800 0.12041233091006108
118900 0.12032911142735088
119000 0.12024612463477513
119100 0.12016336950005589
119200 0.12008084499584681
119300 0.11999855009973726
119400 0.1199164837942664
119500 0.11983464506693302
119600 0.11975303291019994
119700 0.11967164632150235
119800 0.11959048430325646
119900 0.11950954586285815
120000 0.1194288300126913
120100 0.11934833577012748
120200 0.11926806215752846
120300 0.11918800820224566
120400 0.11910817293662035
120500 0.1190285553979834
120600 0.11894915462864786
120700 0.11886996967591373
120800 0.118790999592054
120900 0.11871224343431876
121000 0.11863370026492338
121100 0.11855536915104292
121200 0.11847724916480648
121300 0.11839933938328841
121400 0.11832163888849756
121500 0.11824414676737005
121600 0.11816686211175548
121700 0.11808978401840878
121800 0.11801291158897873
121900 0.11793624392999458
122000 0.1178597801528501
122100 0.11778351937379676
122200 0.11770746071392203
122300 0.11763160329914087
122400 0.11755594626017797
122500 0.11748048873254821
122600 0.1174052298565483
122700 0.11733016877723289
122800 0.11725530464440165
122900 0.11718063661257819
123000 0.11710616384099586
123100 0.11703188549357402
123200 0.11695780073890531
123300 0.11688390875022821
123400 0.11681020870541696
123500 0.11673669978695266
123600 0.11666338118190758
123700 0.11659025208192424
123800 0.11651731168319157
123900 0.11644455918642646
124000 0.11637199379684898
124100 0.11629961472416485
124200 0.11622742118253736
124300 0.1161554123905696
124400 0.11608358757127857
124500 0.11601194595207602
124600 0.11594048676473889
124700 0.1158692092453943
124800 0.11579811263448801
124900 0.11572719617676523
125000 0.11565645912124538
125100 0.11558590072119665
125200 0.11551552023411703
125300 0.1154453169216998
125400 0.11537529004982189
125500 0.11530543888850708
125600 0.11523576271190983
125700 0.11516626079828492
125800 0.11509693242996831
125900 0.115027776893344
126000 0.11495879347882702
126100 0.11488998148083425
126200 0.11482134019775876
126300 0.1147528689319452
126400 0.11468456698966789
126500 0.11461643368109725
126600 0.11454846832028412
126700 0.1144806702251274
126800 0.11441303871735244
126900 0.1143455731224833
127000 0.11427827276981928
127100 0.11421113699240663
127200 0.11414416512701851
127300 0.11407735651412312
127400 0.11401071049786338
127500 0.11394422642603026
127600 0.11387790365003422
127700 0.11381174152488725
127800 0.11374573940916896
127900 0.11367989666501055
128000 0.11361421265806079
128100 0.11354868675746797
128200 0.11348331833585185
128300 0.11341810676927974
128400 0.11335305143724118
128500 0.11328815172262298
128600 0.11322340701168837
128700 0.11315881669404422
128800 0.11309438016262652
128900 0.11303009681366834
129000 0.11296596604668231
129100 0.11290198726442849
129200 0.11283815987289823
129300 0.11277448328128643
129400 0.11271095690196739
129500 0.11264758015047306
129600 0.11258435244546774
129700 0.11252127320872773
129800 0.11245834186511296
129900 0.11239555784254866
130000 0.11233292057200023
130100 0.11227042948745292
130200 0.11220808402588063
130300 0.11214588362723857
130400 0.11208382773442377
130500 0.11202191579326559
130600 0.11196014725249603
130700 0.11189852156373277
130800 0.11183703818145503
130900 0.11177569656297963
131000 0.11171449616844295
131100 0.11165343646077791
131200 0.11159251690569338
131300 0.11153173697165146
131400 0.11147109612984961
131500 0.11141059385419508
131600 0.11135022962128917
131700 0.11129000291040375
131800 0.1112299132034625
131900 0.11116995998501614
132000 0.1111101427422318
132100 0.11105046096486448
132200 0.11099091414523932
132300 0.11093150177823495
132400 0.11087222336126003
132500 0.1108130783942389
132600 0.11075406637958712
132700 0.1106951868221958
132800 0.11063643922941355
132900 0.11057782311102303
133000 0.11051933797922842
133100 0.110460983348636
133200 0.1104027587362293
133300 0.11034466366136235
133400 0.11028669764573212
133500 0.11022886021336463
133600 0.11017115089059983
133700 0.11011356920606999
133800 0.11005611469068495
133900 0.10999878687761422
134000 0.10994158530227097
134100 0.10988450950229302
134200 0.10982755901753107
134300 0.10977073339002648
134400 0.10971403216399914
134500 0.10965745488582863
134600 0.10960100110404199
134700 0.10954467036929386
134800 0.10948846223435217
134900 0.10943237625408421
135000 0.10937641198544086
135100 0.10932056898743751
135200 0.10926484682114693
135300 0.10920924504967433
135400 0.10915376323815282
135500 0.10909840095372154
135600 0.1090431577655119
135700 0.10898803324464061
135800 0.10893302696418272
135900 0.10887813849917229
136000 0.10882336742657502
136100 0.10876871332528236
136200 0.10871417577609911
136300 0.10865975436172327
136400 0.10860544866673913
136500 0.10855125827759798
136600 0.10849718278261329
136700 0.10844322177193877
136800 0.10838937483756317
136900 0.10833564157329237
137000 0.10828202157474097
137100 0.10822851443931525
137200 0.10817511976620603
137300 0.10812183715637307
137400 0.1080686662125325
137500 0.1080156065391515
137600 0.10796265774242622
137700 0.1079098194302799
137800 0.10785709121234384
137900 0.10780447269995311
138000 0.10775196350612673
138100 0.10769956324556736
138200 0.10764727153464038
138300 0.10759508799136794
138400 0.10754301223541739
138500 0.10749104388809158
138600 0.10743918257231547
138700 0.10738742791263078
138800 0.10733577953517968
138900 0.10728423706769791
139000 0.10723280013950555
139100 0.10718146838149469
139200 0.10713024142612107
139300 0.10707911890739479
139400 0.10702810046086794
139500 0.10697718572362977
139600 0.106926374334292
139700 0.10687566593298234
139800 0.10682506016133621
139900 0.10677455666248546
140000 0.10672415508105043
140100 0.10667385506312999
140200 0.10662365625629477
140300 0.10657355830957604
140400 0.10652356087345959
140500 0.10647366359987474
140600 0.10642386614218671
140700 0.10637416815518935
140800 0.10632456929509508
140900 0.10627506921952838
141000 0.10622566758751749
141100 0.10617636405948457
141200 0.10612715829723915
141300 0.1060780499639732
141400 0.1060290387242452
141500 0.10598012424398164
141600 0.1059313061904648
141700 0.1058825842323269
141800 0.10583395803953656
141900 0.10578542728340332
142000 0.10573699163656083
142100 0.10568865077296148
142200 0.10564040436787184
142300 0.10559225209786359
142400 0.10554419364080765
142500 0.10549622867586488
142600 0.10544835688348309
142700 0.1054005779453878
142800 0.10535289154457604
142900 0.10530529736530857
143000 0.10525779509310663
143100 0.1052103844147426
143200 0.10516306501823297
143300 0.10511583659283515
143400 0.10506869882903866
143500 0.1050216514185603
143600 0.10497469405433672
143700 0.10492782643052022
143800 0.10488104824246948
143900 0.10483435918674856
144000 0.10478775896111527
144100 0.1047412472645202
144200 0.10469482379709735
144300 0.10464848826016158
144400 0.10460224035619994
144500 0.10455607978886919
144600 0.10451000626298601
144700 0.1044640194845255
144800 0.10441811916061483
144900 0.1043723049995258
145000 0.10432657671067243
145100 0.10428093400460237
145200 0.10423537659299412
145300 0.10418990418865161
145400 0.10414451650549901
145500 0.10409921325857376
145600 0.10405399416402415
145700 0.10400885893910279
145800 0.10396380730216084
145900 0.10391883897264673
146000 0.10387395367109696
146100 0.10382915111913332
146200 0.10378443103945816
146300 0.10373979315585019
146400 0.10369523719315694
146500 0.10365076287729555
146600 0.10360636993524036
146700 0.10356205809502579
146800 0.10351782708573935
146900 0.10347367663751283
147000 0.10342960648152594
147100 0.1033856163499942
147200 0.10334170597617019
147300 0.10329787509433577
147400 0.1032541234397983
147500 0.10321045074888878
147600 0.10316685675895385
147700 0.1031233412083551
147800 0.10307990383646115
147900 0.10303654438364884
148000 0.10299326259129299
148100 0.10295005820176707
148200 0.10290693095843752
148300 0.10286388060565654
148400 0.10282090688876644
148500 0.10277800955408672
148600 0.10273518834891435
148700 0.10269244302151914
148800 0.1026497733211427
148900 0.10260717899798945
149000 0.10256465980322495
149100 0.10252221548897443
149200 0.10247984580831837
149300 0.10243755051528336
149400 0.1023953293648465
149500 0.1023531821129258
149600 0.10231110851638052
149700 0.10226910833300255
149800 0.10222718132151924
149900 0.10218532724158585
150000 0.1021435458537799
150100 0.10210183691960385
150200 0.10206020020147705
150300 0.10201863546273283
150400 0.10197714246761443
150500 0.10193572098127612
150600 0.10189437076977431
150700 0.1018530916000661
150800 0.10181188324000602
150900 0.10177074545834426
151000 0.1017296780247189
151100 0.10168868070965967
151200 0.10164775328457709
151300 0.10160689552176312
151400 0.1015661071943885
151500 0.1015253880764986
151600 0.10148473794300923
151700 0.10144415656970407
151800 0.10140364373323314
151900 0.10136319921110536
152000 0.10132282278169158
152100 0.10128251422421657
152200 0.1012422733187577
152300 0.10120209984624011
152400 0.10116199358843833
152500 0.10112195432796676
152600 0.10108198184828308
152700 0.10104207593367877
152800 0.10100223636928184
152900 0.1009624629410508
153000 0.10092275543577106
153100 0.10088311364105597
153200 0.10084353734533698
153300 0.10080402633786935
153400 0.10076458040872156
153500 0.10072519934877569
153600 0.1006858829497273
153700 0.10064663100407424
153800 0.10060744330512472
153900 0.1005683196469858
154000 0.10052925982456434
154100 0.10049026363356282
154200 0.10045133087047896
154300 0.10041246133259858
154400 0.10037365481799895
154500 0.10033491112553669
154600 0.10029623005485756
154700 0.10025761140638142
154800 0.10021905498130824
154900 0.10018056058160996
155000 0.10014212801003124
155100 0.10010375707008501
155200 0.10006544756604889
155300 0.10002719930296672
155400 0.09998901208663837
155500 0.09995088572362679
155600 0.09991282002124667
155700 0.09987481478756502
155800 0.09983686983140075
155900 0.09979898496232056
156000 0.09976115999063179
156100 0.09972339472738839
156200 0.09968568898438107
156300 0.09964804257413877
156400 0.09961045530992463
156500 0.09957292700573218
156600 0.09953545747628552
156700 0.09949804653703541
156800 0.0994606940041539
156900 0.09942339969453862
157000 0.09938616342580436
157100 0.09934898501628085
157200 0.0993118642850145
157300 0.09927480105176123
157400 0.0992377951369865
157500 0.09920084636186281
157600 0.09916395454826456
157700 0.09912711951877028
157800 0.09909034109665697
157900 0.09905361910589593
158000 0.09901695337115504
158100 0.09898034371779296
158200 0.09894378997185833
158300 0.09890729196008469
158400 0.09887084950989201
158500 0.09883446244938081
158600 0.09879813060733261
158700 0.09876185381320468
158800 0.09872563189713035
158900 0.09868946468991384
159000 0.0986533520230306
159100 0.09861729372862522
159200 0.09858128963950256
159300 0.09854533958913511
159400 0.09850944341165523
159500 0.09847360094185123
159600 0.09843781201516963
159700 0.0984020764677101
159800 0.09836639413622134
159900 0.09833076485810442
160000 0.09829518847140503
160100 0.0982596648148136
160200 0.09822419372766197
160300 0.0981887750499228
160400 0.09815340862220485
160500 0.09811809428575419
160600 0.09808283188244692
160700 0.09804762125479193
160800 0.09801246224592526
160900 0.09797735469960958
161000 0.0979422984602319
161100 0.09790729337280026
161200 0.09787233928294142
161300 0.09783743603689957
161400 0.09780258348153546
161500 0.09776778146432107
161600 0.09773302983333781
161700 0.09769832843727758
161800 0.09766367712543694
161900 0.09762907574771684
162000 0.09759452415461936
162100 0.09756002219724748
162200 0.09752556972729941
162300 0.09749116659706973
162400 0.09745681265944642
162500 0.09742250776790819
162600 0.09738825177651922
162700 0.0973540445399356
162800 0.09731988591339336
162900 0.0972857757527125
163000 0.09725171391429431
163100 0.09721770025511502
163200 0.09718373463272867
163300 0.09714981690526281
163400 0.09711594693141687
163500 0.09708212457045948
163600 0.09704834968222394
163700 0.09701462212711455
163800 0.09698094176609402
163900 0.09694730846068751
164000 0.09691372207297924
164100 0.09688018246561123
164200 0.09684668950177892
164300 0.09681324304523126
164400 0.09677984296026754
164500 0.09674648911173661
164600 0.09671318136503337
164700 0.09667991958609763
164800 0.0966467036414098
164900 0.096613533397995
165000 0.09658040872341207
165100 0.09654732948575917
165200 0.09651429555366876
165300 0.0964813067963045
165400 0.09644836308336034
165500 0.09641546428506124
165600 0.0963826102721554
165700 0.0963498009159179
165800 0.09631703608814374
165900 0.09628431566115023
166000 0.09625163950777284
166100 0.09621900750136336
166200 0.0961864195157878
166300 0.09615387542542472
166400 0.09612137510516401
166500 0.09608891843040461
166600 0.09605650527704923
166700 0.09602413552151032
166800 0.0959918090406965
166900 0.09595952571202426
167000 0.0959272854134034
167100 0.09589508802324534
167200 0.09586293342045356
167300 0.09583082148442498
167400 0.0957987520950497
167500 0.09576672513270594
167600 0.09573474047825735
167700 0.09570279801305803
167800 0.09567089761894289
167900 0.09563903917822729
168000 0.09560722257370936
168100 0.09557544768866534
168200 0.09554371440684323
168300 0.09551202261247135
168400 0.09548037219024719
168500 0.09544876302534051
168600 0.09541719500338727
168700 0.09538566801049439
168800 0.0953541819332298
168900 0.09532273665862694
169000 0.0952913320741814
169100 0.09525996806784683
169200 0.09522864452803571
169300 0.09519736134361553
169400 0.09516611840390994
169500 0.09513491559869264
169600 0.09510375281818918
169700 0.09507262995307578
169800 0.09504154689447164
169900 0.09501050353394479
170000 0.0949794997635052
170100 0.09494853547560363
170200 0.0949176105631347
170300 0.09488672491942637
170400 0.09485587843824553
170500 0.0948250710137943
170600 0.09479430254070666
170700 0.09476357291404881
170800 0.09473288202931446
170900 0.09470222978242726
171000 0.09467161606973588
171100 0.09464104078801294
171200 0.09461050383445602
171300 0.09458000510667976
171400 0.09454954450272077
171500 0.09451912192103225
171600 0.09448873726048374
171700 0.09445839042035806
171800 0.09442808130035112
171900 0.09439780980056948
172000 0.09436757582152756
172100 0.09433737926414934
172200 0.09430722002976326
172300 0.09427709802010212
172400 0.09424701313730027
172500 0.09421696528389392
172600 0.09418695436281863
172700 0.09415698027740683
172800 0.09412704293138624
172900 0.09409714222887955
173000 0.09406727807440214
173100 0.09403745037286035
173200 0.09400765902954902
173300 0.0939779039501526
173400 0.09394818504073928
173500 0.0939185022077641
173600 0.09388885535806317
173700 0.09385924439885536
173800 0.0938296692377391
173900 0.09380012978268899
174000 0.09377062594206054
174100 0.09374115762457956
174200 0.09371172473934895
174300 0.09368232719584181
174400 0.0936529649039028
174500 0.09362363777374261
174600 0.09359434571594284
174700 0.09356508864144919
174800 0.09353586646157144
174900 0.09350667908798088
175000 0.09347752643271479
175100 0.09344840840816358
175200 0.09341932492707965
175300 0.0933902759025715
175400 0.09336126124810276
175500 0.09333228087749011
175600 0.0933033347049028
175700 0.093274422644861
175800 0.09324554461223312
175900 0.09321670052223564
176000 0.09318789029043154
176100 0.09315911383272805
176200 0.09313037106537769
176300 0.09310166190497066
176400 0.09307298626844158
176500 0.09304434407306147
176600 0.09301573523644009
176700 0.09298715967652237
176800 0.09295861731158803
176900 0.09293010806025226
177000 0.09290163184145682
177100 0.09287318857447803
177200 0.0928447781789202
177300 0.09281640057471414
177400 0.09278805568211732
177500 0.09275974342171324
177600 0.09273146371440578
177700 0.09270321648142177
177800 0.09267500164431118
177900 0.09264681912493969
178000 0.09261866884549141
178100 0.09259055072846804
178200 0.09256246469668532
178300 0.09253441067327292
178400 0.09250638858167312
178500 0.09247839834563738
178600 0.09245043988922885
178700 0.09242251313681842
178800 0.09239461801308324
178900 0.09236675444300646
179000 0.09233892235187595
179100 0.09231112166528042
179200 0.09228335230911221
179300 0.09225561420956294
179400 0.09222790729312397
179500 0.0922002314865839
179600 0.0921725867170271
179700 0.09214497291183443
179800 0.09211738999867856
179900 0.09208983790552625
180000 0.0920623165606342
180100 0.09203482589255024
180200 0.09200736583011102
180300 0.09197993630243682
180400 0.09195253723894002
180500 0.091925168569314
180600 0.09189783022353555
180700 0.0918705221318663
180800 0.0918432442248473
180900 0.09181599643329699
181000 0.09178877868831822
181100 0.09176159092128636
181200 0.09173443306385586
181300 0.0917073050479533
181400 0.09168020680578128
181500 0.09165313826981454
181600 0.09162609937279857
181700 0.09159909004774835
181800 0.09157211022794946
181900 0.09154515984695415
182000 0.09151823883858053
182100 0.09149134713691393
182200 0.0914644846763014
182300 0.09143765139135539
182400 0.09141084721694778
182500 0.09138407208821349
182600 0.09135732594054434
182700 0.09133060870959375
182800 0.09130392033126788
182900 0.09127726074173263
183000 0.09125062987740772
183100 0.09122402767496574
183200 0.09119745407133197
183300 0.09117090900368507
183400 0.0911443924094509
183500 0.09111790422630736
183600 0.09109144439217817
183700 0.09106501284523558
183800 0.09103860952389688
183900 0.09101223436682378
184000 0.09098588731292341
184100 0.09095956830134296
184200 0.09093327727147281
184300 0.09090701416294301
184400 0.0908807789156228
184500 0.09085457146962077
184600 0.09082839176528068
184700 0.09080223974318431
184800 0.09077611534414558
184900 0.09075001850921553
185000 0.0907239491796769
185100 0.09069790729704351
185200 0.09067189280305993
185300 0.09064590563970198
185400 0.09061994574917143
185500 0.0905940130739012
185600 0.09056810755654716
185700 0.09054222913999299
185800 0.09051637776734724
185900 0.09049055338193926
186000 0.0904647559273241
186100 0.09043898534727621
186200 0.0904132415857907
186300 0.09038752458708295
186400 0.09036183429558672
186500 0.09033617065595252
186600 0.09031053361304747
186700 0.09028492311195502
186800 0.0902593390979715
186900 0.09023378151660819
187000 0.09020825031358895
187100 0.09018274543484717
187200 0.0901572668265288
187300 0.09013181443498984
187400 0.09010638820679252
187500 0.09008098808870951
187600 0.0900556140277189
187700 0.09003026597100273
187800 0.09000494386595212
187900 0.08997964766015784
188000 0.08995437730141681
188100 0.089929132737726
188200 0.08990391391728454
188300 0.08987872078849082
188400 0.08985355329994411
188500 0.0898284114004386
188600 0.08980329503897123
188700 0.0897782041647309
188800 0.08975313872710315
188900 0.0897280986756693
189000 0.08970308396020464
189100 0.08967809453067482
189200 0.08965313033724043
189300 0.08962819133025221
189400 0.08960327746025025
189500 0.08957838867796512
189600 0.08955352493431562
189700 0.08952868618040762
189800 0.08950387236753377
189900 0.08947908344717283
190000 0.08945431937098958
190100 0.08942958009083123
190200 0.08940486555872927
190300 0.08938017572689708
190400 0.08935551054772979
190500 0.08933086997380449
190600 0.08930625395787613
190700 0.08928166245287954
190800 0.08925709541192825
190900 0.08923255278831364
191000 0.08920803453550115
191100 0.08918354060713574
191200 0.08915907095703433
191300 0.08913462553918815
191400 0.08911020430776308
191500 0.0890858072170978
191600 0.08906143422170039
191700 0.08903708527625176
191800 0.08901276033560214
191900 0.08898845935477198
192000 0.08896418228894946
192100 0.08893992909348893
192200 0.08891569972391487
192300 0.08889149413591643
192400 0.088867312285346
192500 0.08884315412822487
192600 0.08881901962073419
192700 0.08879490871922113
192800 0.0887708213801934
192900 0.08874675756031986
193000 0.08872271721643077
193100 0.08869870030551816
193200 0.08867470678473081
193300 0.08865073661137624
193400 0.08862678974292167
193500 0.08860286613698917
193600 0.08857896575135783
193700 0.08855508854396346
193800 0.08853123447289546
193900 0.0885074034963962
194000 0.08848359557286532
194100 0.08845981066084926
194200 0.08843604871905344
194300 0.08841230970632735
194400 0.0883885935816754
194500 0.08836490030425173
194600 0.08834122983335797
194700 0.08831758212844425
194800 0.08829395714910902
194900 0.08827035485509868
195000 0.08824677520630235
195100 0.08822321816275912
195200 0.08819968368465021
195300 0.08817617173230195
195400 0.08815268226618465
195500 0.08812921524690914
195600 0.0881057706352323
195700 0.08808234839204956
195800 0.08805894847839744
195900 0.08803557085545458
196000 0.08801221548453612
196100 0.08798888232709899
196200 0.08796557134473633
196300 0.08794228249917989
196400 0.08791901575229784
196500 0.08789577106609388
196600 0.08787254840270943
196700 0.08784934772441813
196800 0.08782616899363087
196900 0.0878030121728889
197000 0.08777987722486894
197100 0.0877567641123797
197200 0.08773367279836053
197300 0.08771060324588272
197400 0.0876875554181494
197500 0.08766452927849015
197600 0.08764152479036764
197700 0.08761854191737091
197800 0.08759558062321741
197900 0.08757264087175257
198000 0.08754972262694781
198100 0.08752682585290125
198200 0.0875039505138382
198300 0.08748109657410538
198400 0.08745826399817856
198500 0.08743545275065258
198600 0.08741266279624794
198700 0.08738989409980916
198800 0.08736714662630032
198900 0.08734442034080799
199000 0.08732171520854072
199100 0.08729903119482439
199200 0.08727636826510862
199300 0.08725372638495914
199400 0.08723110552006184
199500 0.0872085056362202
199600 0.08718592669935539
199700 0.08716336867550463
199800 0.08714083153082232
199900 0.08711831523157963